#BPM=167.98
#OFFSET=0
#PS=0.714371
#BEGIN
//pre-intro
,
,
,
,
,
,,4,,

7,5,3,5,8,,,8,
7,5,3,5,75,,,8,
7,5,3,5,75,,,8,
7,5,7,8,9,,7,4,

,,4,,8,,,8,
7,5,3,5,8,,,8,
7,5,3,5,75,,,8,
7,5,7,8,9,,5,4,

,,1,4,8,,,45,
35,25,25,35,8,,,45,
35,25,25,35,8,,,45,
35,25,25,35,8,,,4,

7,5,3,5,8,,,8,
7,5,3,5,75,,,8,
7,5,3,5,75,,,8,
7,5,3,5,8,,,8,

,,4,,2-8,2,2,2-8,
1-7,1-5,1-3,1-5,2-75,2,2,2-8,
1-7,1-5,1-3,1-5,2-75,2,2,2-8,
1-7,1-5,1-7,1-8,2-9,2,2-7,2-4,

,,4,,8,,,8,
7,5,3,5,8,,,8,
7,5,3,5,75,,,8,
7,5,7,8,9,,5,4,

,,1,2,8,,,45,
35,25,25,35,8,,,45,
35,25,25,35,8,,,45,
35,25,25,35,8,,,2,

7,5,3,5,8,,,8,
7,5,3,5,75,,,8,
7,5,3,5,75,,,8,
7,5,3,5,8,,,8,

8,65,75,85,9,,9,88,
7,6,55,6,
8,,,6,
7,6,75,8,
9,,8,5,
7,,,3, 5,7,,3,
5,7,,8, ,2,,l7,
,L,,, ,35,2-5,5-l8,
#MEASURE=3
,,,L, ,,,, ,,a85-b15,A8-B2,
#MEASURE=4
//intro
3-7,,3-7,, 85,85,15,15-85,
,3,3-65,65, 85-3,8,3-75,3-7,
4-6,,4-6,, 8,7,3,3-7,
,,2,,2-6,,2,, 8-4,,8,,a41,a47,a53,A59,

3-7,,3-7,, 85,85,15,15-85,
,25,25-65,65, 85-3,8,3-75,3-7,
4-6,,8,2, 6,55,5,45,
35-65,,,,,,3,7, 45,,45,,55,,55,,
#END