LEVEL	11
NAME	L2 (Ver. B)
BPM	304.028381
SPEED	0.789400
OFFSET	0.115000
NOTE	0	1.550000	0.100000	0.000000
NOTE	1	1.550000	0.800000	0.000000
NOTE	2	1.950000	0.800000	0.000000
NOTE	3	2.340000	0.300000	0.000000
NOTE	4	2.740000	0.650000	0.000000
NOTE	5	3.130000	0.500000	0.000000
NOTE	6	3.920000	0.650000	0.000000
NOTE	7	3.920000	0.350000	0.000000
NOTE	8	4.320000	0.100000	0.000000
NOTE	9	4.320000	0.900000	0.000000
NOTE	10	4.710000	0.700000	0.000000
NOTE	11	4.710000	0.300000	0.000000
NOTE	12	5.500000	0.500000	0.000000
NOTE	13	6.290000	0.100000	0.000000
NOTE	14	6.290000	0.900000	0.000000
NOTE	15	6.680000	0.800000	0.000000
NOTE	16	6.680000	0.200000	0.000000
NOTE	17	7.080000	0.300000	0.000000
NOTE	18	7.080000	0.700000	0.000000
NOTE	19	7.470000	0.400000	0.000000
NOTE	20	7.470000	0.600000	0.000000
NOTE	21	7.870000	0.300000	0.000000
NOTE	22	7.870000	0.700000	0.000000
NOTE	23	8.660000	0.250000	0.000000
NOTE	24	8.920000	0.450000	0.000000
NOTE	25	9.180000	0.650000	0.000000
NOTE	26	9.450000	0.100000	0.000000
NOTE	27	9.450000	0.900000	0.697200
NOTE	28	11.030000	0.450000	0.000000
NOTE	29	11.220000	0.350000	0.000000
NOTE	30	11.420000	0.250000	0.000000
NOTE	31	11.620000	0.150000	0.000000
NOTE	32	11.820000	0.900000	0.000000
NOTE	33	12.010000	0.800000	0.000000
NOTE	34	12.210000	0.700000	0.000000
NOTE	35	12.410000	0.600000	0.000000
NOTE	36	12.610000	0.100000	0.000000
NOTE	37	13.400000	0.300000	0.000000
NOTE	38	13.400000	0.850000	0.000000
NOTE	39	13.660000	0.400000	0.000000
NOTE	40	13.920000	0.850000	0.000000
NOTE	41	14.180000	0.550000	0.000000
NOTE	42	14.180000	0.100000	0.000000
NOTE	43	14.580000	0.100000	0.000000
NOTE	44	14.970000	0.750000	0.000000
NOTE	45	15.370000	0.300000	0.000000
NOTE	46	15.760000	0.900000	0.000000
NOTE	47	15.760000	0.150000	0.000000
NOTE	48	16.160000	0.900000	0.000000
NOTE	49	16.820000	0.350000	0.000000
NOTE	50	17.080000	0.650000	0.000000
NOTE	51	17.340000	0.200000	0.000000
NOTE	52	17.340000	0.800000	0.000000
NOTE	53	17.740000	0.800000	0.000000
NOTE	54	18.129999	0.400000	0.000000
NOTE	55	18.530001	0.600000	0.000000
NOTE	56	18.920000	0.150000	0.000000
NOTE	57	18.920000	0.850000	0.000000
NOTE	58	19.320000	0.850000	0.000000
NOTE	59	19.910000	0.550000	0.000000
NOTE	60	19.910000	0.250000	0.000000
NOTE	61	20.110001	0.350000	0.000000
NOTE	62	20.110001	0.650000	0.000000
NOTE	63	20.299999	0.450000	0.000000
NOTE	64	20.299999	0.750000	0.000000
NOTE	65	20.500000	0.900000	0.200000
NOTE	66	20.500000	0.100000	0.000000
NOTE	67	20.889999	0.900000	0.000000
NOTE	68	21.090000	0.750000	0.000000
NOTE	69	21.290001	0.300000	0.000000
NOTE	70	21.680000	0.300000	0.000000
NOTE	71	21.892706	0.700000	0.000000
NOTE	72	22.080000	0.100000	0.000000
NOTE	73	22.080000	0.900000	0.300000
NOTE	74	22.469999	0.500000	0.300000
NOTE	75	22.870001	0.700000	0.300000
NOTE	76	23.260000	0.350000	0.300000
NOTE	77	23.467230	0.700000	0.000000
NOTE	78	23.660000	0.900000	0.000000
NOTE	79	23.660000	0.100000	0.381399
NOTE	80	24.450001	0.500000	0.000000
NOTE	81	25.299999	0.500000	0.000000
NOTE	82	25.370001	0.671250	0.000000
NOTE	83	25.452021	0.763750	0.000000
NOTE	84	25.530001	0.833750	0.000000
NOTE	85	25.629999	0.895000	0.000000
NOTE	86	25.730000	0.892500	0.000000
NOTE	87	25.830000	0.827500	0.000000
NOTE	88	25.897150	0.756250	0.000000
NOTE	89	25.959999	0.650000	0.000000
NOTE	90	26.030481	0.500000	0.000000
NOTE	91	26.090000	0.371250	0.000000
NOTE	92	26.160000	0.251250	0.000000
NOTE	93	26.260000	0.166250	0.000000
NOTE	94	26.363810	0.097500	0.000000
NOTE	95	26.420000	0.081250	0.000000
NOTE	96	26.490000	0.081250	0.000000
NOTE	97	26.563807	0.133750	0.000000
NOTE	98	26.620001	0.206250	0.000000
NOTE	99	26.680471	0.286250	0.000000
NOTE	100	26.820000	0.500000	0.200000
NOTE	101	27.010000	0.916250	0.000000
NOTE	102	27.110001	0.862500	0.000000
NOTE	103	27.209999	0.807500	0.000000
NOTE	104	27.410000	0.900000	0.000000
NOTE	105	27.510000	0.850000	0.000000
NOTE	106	27.610001	0.100000	0.000000
NOTE	107	27.799999	0.650000	0.000000
NOTE	108	27.900000	0.600000	0.000000
NOTE	109	28.000000	0.100000	0.000000
NOTE	110	28.000000	0.550000	0.000000
NOTE	111	28.200001	0.600000	0.000000
NOTE	112	28.299999	0.100000	0.000000
NOTE	113	28.389999	0.300000	0.000000
NOTE	114	28.389999	0.900000	0.000000
NOTE	115	28.590000	0.250000	0.000000
NOTE	116	28.690001	0.300000	0.000000
NOTE	117	28.790001	0.350000	0.000000
NOTE	118	28.790001	0.900000	0.000000
NOTE	119	28.990000	0.300000	0.000000
NOTE	120	29.090000	0.250000	0.000000
NOTE	121	29.180000	0.650000	0.000000
NOTE	122	29.379999	0.650000	0.000000
NOTE	123	29.480000	0.600000	0.000000
NOTE	124	29.580000	0.150000	0.000000
NOTE	125	29.780001	0.150000	0.000000
NOTE	126	29.879999	0.600000	0.000000
NOTE	127	29.969999	0.050000	0.000000
NOTE	128	30.170000	0.800000	0.000000
NOTE	129	30.270000	0.850000	0.000000
NOTE	130	30.370001	0.900000	0.000000
NOTE	131	30.370001	0.050000	0.000000
NOTE	132	30.570000	0.900000	0.000000
NOTE	133	30.660000	0.850000	0.000000
NOTE	134	30.760000	0.250000	0.000000
NOTE	135	30.959999	0.700000	0.000000
NOTE	136	31.059999	0.650000	0.000000
NOTE	137	31.160000	0.600000	0.000000
NOTE	138	31.160000	0.250000	0.000000
NOTE	139	31.360001	0.250000	0.000000
NOTE	140	31.450001	0.200000	0.000000
NOTE	141	31.549999	0.900000	0.000000
NOTE	142	31.750000	0.400000	0.000000
NOTE	143	31.850000	0.350000	0.000000
NOTE	144	31.950001	0.900000	0.000000
NOTE	145	32.139999	0.150000	0.000000
NOTE	146	32.240002	0.200000	0.000000
NOTE	147	32.340000	0.750000	0.000000
NOTE	148	32.540001	0.500000	0.000000
NOTE	149	32.639999	0.550000	0.000000
NOTE	150	32.740002	0.750000	0.000000
NOTE	151	32.930000	0.700000	0.000000
NOTE	152	32.930000	0.500000	0.000000
NOTE	153	33.029999	0.750000	0.000000
NOTE	154	33.130001	0.150000	0.000000
NOTE	155	33.330002	0.300000	0.000000
NOTE	156	33.430000	0.250000	0.000000
NOTE	157	33.529999	0.900000	0.000000
NOTE	158	33.720001	0.900000	0.000000
NOTE	159	33.820000	0.850000	0.000000
NOTE	160	33.919998	0.300000	0.000000
NOTE	161	34.119999	0.400000	0.000000
NOTE	162	34.220001	0.450000	0.000000
NOTE	163	34.320000	0.750000	0.000000
NOTE	164	34.509998	0.700000	0.000000
NOTE	165	34.610001	0.650000	0.000000
NOTE	166	34.709999	0.100000	0.000000
NOTE	167	34.910000	0.100000	0.000000
NOTE	168	35.009998	0.150000	0.000000
NOTE	169	35.110001	0.650000	0.000000
NOTE	170	35.299999	0.800000	0.000000
NOTE	171	35.400002	0.850000	0.000000
NOTE	172	35.500000	0.350000	0.000000
NOTE	173	35.700001	0.300000	0.000000
NOTE	174	35.799999	0.350000	0.000000
NOTE	175	35.889999	0.900000	0.000000
NOTE	176	36.090000	0.700000	0.000000
NOTE	177	36.189999	0.750000	0.000000
NOTE	178	36.290001	0.100000	0.000000
NOTE	179	36.490002	0.550000	0.000000
NOTE	180	36.590000	0.600000	0.000000
NOTE	181	36.680000	0.100000	0.000000
NOTE	182	36.880001	0.150000	0.000000
NOTE	183	36.980000	0.100000	0.000000
NOTE	184	37.080002	0.900000	0.000000
NOTE	185	37.279999	0.400000	0.000000
NOTE	186	37.380001	0.450000	0.000000
NOTE	187	37.470001	0.900000	0.000000
NOTE	188	37.669998	0.700000	0.000000
NOTE	189	37.770000	0.650000	0.000000
NOTE	190	37.869999	0.100000	0.000000
NOTE	191	38.070000	0.150000	0.000000
NOTE	192	38.160000	0.100000	0.000000
NOTE	193	38.259998	0.600000	0.000000
NOTE	194	38.459999	0.100000	0.000000
NOTE	195	38.560001	0.150000	0.000000
NOTE	196	38.660000	0.900000	0.000000
NOTE	197	38.860001	0.300000	0.000000
NOTE	198	38.950001	0.350000	0.000000
NOTE	199	39.049999	0.750000	0.000000
NOTE	200	39.250000	0.500000	0.000000
NOTE	201	39.450001	0.100000	0.000000
NOTE	202	39.549999	0.850000	0.000000
NOTE	203	39.650002	0.900000	0.000000
NOTE	204	39.740002	0.100000	0.000000
NOTE	205	39.840000	0.850000	0.000000
NOTE	206	39.939999	0.900000	0.000000
NOTE	207	40.040001	0.100000	0.000000
NOTE	208	40.139999	0.800000	0.000000
NOTE	209	40.240002	0.550000	0.000000
NOTE	210	40.340000	0.300000	0.000000
NOTE	211	40.430000	0.600000	0.000000
NOTE	212	40.529999	0.650000	0.000000
NOTE	213	40.630001	0.300000	0.000000
NOTE	214	40.730000	0.550000	0.000000
NOTE	215	40.830002	0.350000	0.000000
NOTE	216	40.930000	0.600000	0.000000
NOTE	217	41.029999	0.100000	0.000000
NOTE	218	41.130001	0.850000	0.000000
NOTE	219	41.220001	0.900000	0.000000
NOTE	220	41.320000	0.100000	0.000000
NOTE	221	41.419998	0.850000	0.000000
NOTE	222	41.520000	0.900000	0.000000
NOTE	223	41.619999	0.100000	0.000000
NOTE	224	41.720001	0.800000	0.000000
NOTE	225	41.820000	0.600000	0.000000
NOTE	226	41.910000	0.350000	0.000000
NOTE	227	42.009998	0.600000	0.000000
NOTE	228	42.110001	0.650000	0.000000
NOTE	229	42.209999	0.350000	0.000000
NOTE	230	42.310001	0.550000	0.000000
NOTE	231	42.410000	0.400000	0.000000
NOTE	232	42.509998	0.600000	0.000000
NOTE	233	42.610001	0.100000	0.000000
NOTE	234	42.700001	0.850000	0.000000
NOTE	235	42.799999	0.900000	0.000000
NOTE	236	42.900002	0.100000	0.000000
NOTE	237	43.000000	0.850000	0.000000
NOTE	238	43.099998	0.900000	0.000000
NOTE	239	43.200001	0.100000	0.000000
NOTE	240	43.299999	0.800000	0.000000
NOTE	241	43.400002	0.600000	0.000000
NOTE	242	43.490002	0.350000	0.000000
NOTE	243	43.590000	0.600000	0.000000
NOTE	244	43.689999	0.650000	0.000000
NOTE	245	43.790001	0.350000	0.000000
NOTE	246	43.889999	0.550000	0.000000
NOTE	247	43.990002	0.400000	0.000000
NOTE	248	44.090000	0.600000	0.000000
NOTE	249	44.180000	0.100000	0.000000
NOTE	250	44.279999	0.900000	0.000000
NOTE	251	44.380001	0.100000	0.000000
NOTE	252	44.480000	0.900000	0.000000
NOTE	253	44.580002	0.100000	0.000000
NOTE	254	44.680000	0.900000	0.000000
NOTE	255	44.779999	0.100000	0.000000
NOTE	256	44.880001	0.900000	0.000000
NOTE	257	44.970001	0.650000	0.000000
NOTE	258	45.070000	0.350000	0.000000
NOTE	259	45.169998	0.650000	0.000000
NOTE	260	45.270000	0.350000	0.000000
NOTE	261	45.369999	0.650000	0.000000
NOTE	262	45.470001	0.350000	0.000000
NOTE	263	45.570000	0.650000	0.000000
NOTE	264	45.669998	0.350000	0.000000
NOTE	265	45.759998	0.900000	0.000000
NOTE	266	45.860001	0.150000	0.000000
NOTE	267	45.959999	0.100000	0.000000
NOTE	268	46.060001	0.900000	0.000000
NOTE	269	46.160000	0.150000	0.000000
NOTE	270	46.259998	0.100000	0.000000
NOTE	271	46.360001	0.900000	0.000000
NOTE	272	46.450001	0.200000	0.000000
NOTE	273	46.549999	0.400000	0.000000
NOTE	274	46.650002	0.700000	0.000000
NOTE	275	46.750000	0.400000	0.000000
NOTE	276	46.849998	0.350000	0.000000
NOTE	277	46.950001	0.700000	0.000000
NOTE	278	47.049999	0.400000	0.000000
NOTE	279	47.139999	0.650000	0.000000
NOTE	280	47.240002	0.350000	0.000000
NOTE	281	47.340000	0.900000	0.000000
NOTE	282	47.439999	0.150000	0.000000
NOTE	283	47.540001	0.100000	0.000000
NOTE	284	47.639999	0.900000	0.000000
NOTE	285	47.740002	0.150000	0.000000
NOTE	286	47.840000	0.100000	0.000000
NOTE	287	47.930000	0.900000	0.000000
NOTE	288	48.029999	0.200000	0.000000
NOTE	289	48.130001	0.400000	0.000000
NOTE	290	48.230000	0.700000	0.000000
NOTE	291	48.330002	0.400000	0.000000
NOTE	292	48.430000	0.350000	0.000000
NOTE	293	48.529999	0.650000	0.000000
NOTE	294	48.630001	0.400000	0.000000
NOTE	295	48.720001	0.600000	0.000000
NOTE	296	48.820000	0.350000	0.000000
NOTE	297	48.919998	0.900000	0.000000
NOTE	298	49.020000	0.150000	0.000000
NOTE	299	49.119999	0.100000	0.000000
NOTE	300	49.220001	0.900000	0.000000
NOTE	301	49.320000	0.150000	0.000000
NOTE	302	49.410000	0.100000	0.000000
NOTE	303	49.509998	0.900000	0.000000
NOTE	304	49.610001	0.200000	0.000000
NOTE	305	49.709999	0.400000	0.000000
NOTE	306	49.810001	0.700000	0.000000
NOTE	307	49.910000	0.400000	0.000000
NOTE	308	50.009998	0.350000	0.000000
NOTE	309	50.110001	0.650000	0.000000
NOTE	310	50.200001	0.400000	0.000000
NOTE	311	50.299999	0.600000	0.000000
NOTE	312	50.400002	0.350000	0.000000
NOTE	313	50.500000	0.900000	0.000000
NOTE	314	50.599998	0.150000	0.000000
NOTE	315	50.700001	0.100000	0.000000
NOTE	316	50.799999	0.900000	0.000000
NOTE	317	50.900002	0.150000	0.000000
NOTE	318	50.990002	0.100000	0.000000
NOTE	319	51.090000	0.900000	0.000000
NOTE	320	51.189999	0.200000	0.000000
NOTE	321	51.290001	0.350000	0.000000
NOTE	322	51.389999	0.650000	0.000000
NOTE	323	51.490002	0.350000	0.000000
NOTE	324	51.590000	0.650000	0.000000
NOTE	325	51.680000	0.350000	0.000000
NOTE	326	51.779999	0.400000	0.000000
NOTE	327	51.880001	0.650000	0.000000
NOTE	328	51.980000	0.700000	0.000000
NOTE	329	52.080002	0.100000	0.200000
NOTE	330	52.180000	0.900000	0.000000
NOTE	331	52.279999	0.850000	0.000000
NOTE	332	52.369999	0.150000	0.200000
NOTE	333	52.470001	0.850000	0.000000
NOTE	334	52.570000	0.900000	0.000000
NOTE	335	52.669998	0.100000	0.104797
NOTE	336	52.770000	0.800000	0.000000
NOTE	337	52.869999	0.600000	0.000000
NOTE	338	52.970001	0.400000	0.200000
NOTE	339	53.070000	0.650000	0.000000
NOTE	340	53.169998	0.600000	0.000000
NOTE	341	53.259998	0.350000	0.000000
NOTE	342	53.360001	0.650000	0.000000
NOTE	343	53.459999	0.400000	0.000000
NOTE	344	53.560001	0.700000	0.000000
NOTE	345	53.660000	0.100000	0.200000
NOTE	346	53.759998	0.850000	0.000000
NOTE	347	53.860001	0.900000	0.000000
NOTE	348	53.950001	0.150000	0.200000
NOTE	349	54.049999	0.900000	0.000000
NOTE	350	54.150002	0.850000	0.000000
NOTE	351	54.250000	0.100000	0.103596
NOTE	352	54.349998	0.800000	0.000000
NOTE	353	54.450001	0.600000	0.000000
NOTE	354	54.549999	0.350000	0.200000
NOTE	355	54.650002	0.600000	0.000000
NOTE	356	54.740002	0.650000	0.000000
NOTE	357	54.840000	0.400000	0.000000
NOTE	358	54.939999	0.650000	0.000000
NOTE	359	55.040001	0.450000	0.000000
NOTE	360	55.139999	0.700000	0.000000
NOTE	361	55.240002	0.100000	0.200000
NOTE	362	55.340000	0.900000	0.000000
NOTE	363	55.430000	0.850000	0.000000
NOTE	364	55.529999	0.150000	0.200000
NOTE	365	55.630001	0.850000	0.000000
NOTE	366	55.730000	0.900000	0.000000
NOTE	367	55.830002	0.100000	0.102394
NOTE	368	55.930000	0.800000	0.000000
NOTE	369	56.029999	0.600000	0.000000
NOTE	370	56.119999	0.350000	0.200000
NOTE	371	56.220001	0.600000	0.000000
NOTE	372	56.320000	0.650000	0.000000
NOTE	373	56.419998	0.450000	0.000000
NOTE	374	56.520000	0.650000	0.000000
NOTE	375	56.619999	0.350000	0.000000
NOTE	376	56.720001	0.550000	0.000000
NOTE	377	56.820000	0.200000	0.200000
NOTE	378	56.919998	0.900000	0.000000
NOTE	379	57.009998	0.850000	0.000000
NOTE	380	57.110001	0.200000	0.200000
NOTE	381	57.209999	0.850000	0.000000
NOTE	382	57.310001	0.900000	0.000000
NOTE	383	57.410000	0.100000	0.101196
NOTE	384	57.509998	0.800000	0.000000
NOTE	385	57.610001	0.600000	0.000000
NOTE	386	57.700001	0.400000	0.000000
NOTE	387	57.799999	0.700000	0.000000
NOTE	388	57.900002	0.650000	0.000000
NOTE	389	58.000000	0.400000	0.000000
NOTE	390	58.099998	0.500000	0.000000
NOTE	391	58.200001	0.600000	0.000000
NOTE	392	58.299999	0.700000	0.000000
NOTE	393	58.389999	0.900000	0.200000
NOTE	394	58.490002	0.150000	0.000000
NOTE	395	58.590000	0.100000	0.000000
NOTE	396	58.689999	0.850000	0.200000
NOTE	397	58.790001	0.150000	0.000000
NOTE	398	58.889999	0.100000	0.000000
NOTE	399	58.990002	0.900000	0.099995
NOTE	400	59.090000	0.200000	0.000000
NOTE	401	59.180000	0.250000	0.000000
NOTE	402	59.279999	0.700000	0.200000
NOTE	403	59.380001	0.350000	0.000000
NOTE	404	59.480000	0.400000	0.000000
NOTE	405	59.580002	0.650000	0.000000
NOTE	406	59.680000	0.400000	0.000000
NOTE	407	59.779999	0.700000	0.000000
NOTE	408	59.874447	0.400000	0.000000
NOTE	409	59.970001	0.900000	0.200000
NOTE	410	60.070000	0.100000	0.000000
NOTE	411	60.169998	0.150000	0.000000
NOTE	412	60.270000	0.850000	0.200000
NOTE	413	60.369999	0.150000	0.000000
NOTE	414	60.470001	0.100000	0.000000
NOTE	415	60.570000	0.900000	0.098797
NOTE	416	60.669998	0.200000	0.000000
NOTE	417	60.759998	0.250000	0.000000
NOTE	418	60.860001	0.700000	0.200000
NOTE	419	60.959999	0.350000	0.000000
NOTE	420	61.060001	0.400000	0.000000
NOTE	421	61.160000	0.600000	0.000000
NOTE	422	61.259998	0.400000	0.000000
NOTE	423	61.360001	0.700000	0.000000
NOTE	424	61.450001	0.500000	0.000000
NOTE	425	61.549999	0.900000	0.200000
NOTE	426	61.650002	0.150000	0.000000
NOTE	427	61.750000	0.100000	0.000000
NOTE	428	61.849998	0.850000	0.200000
NOTE	429	61.950001	0.100000	0.000000
NOTE	430	62.049999	0.150000	0.000000
NOTE	431	62.139999	0.800000	0.107597
NOTE	432	62.240002	0.250000	0.000000
NOTE	433	62.340000	0.400000	0.000000
NOTE	434	62.439999	0.600000	0.200000
NOTE	435	62.540001	0.350000	0.000000
NOTE	436	62.639999	0.400000	0.000000
NOTE	437	62.740002	0.650000	0.000000
NOTE	438	62.840000	0.400000	0.000000
NOTE	439	62.930000	0.600000	0.000000
NOTE	440	63.029999	0.350000	0.000000
NOTE	441	63.130001	0.900000	0.400000
NOTE	442	63.130001	0.100000	0.000000
NOTE	443	63.529999	0.100000	0.000000
NOTE	444	63.720001	0.900000	0.000000
NOTE	445	63.820000	0.100000	0.000000
NOTE	446	63.919998	0.350000	0.000000
NOTE	447	63.919998	0.650000	0.000000
NOTE	448	64.120003	0.600000	0.000000
NOTE	449	64.120003	0.400000	0.000000
NOTE	450	64.320000	0.350000	0.000000
NOTE	451	64.320000	0.650000	0.000000
NOTE	452	64.510002	0.700000	0.000000
NOTE	453	64.510002	0.300000	0.000000
NOTE	454	64.709999	0.900000	0.000000
NOTE	455	64.809998	0.150000	0.000000
NOTE	456	64.910004	0.100000	0.000000
NOTE	457	65.010002	0.850000	0.000000
NOTE	458	65.199997	0.100000	0.000000
NOTE	459	65.300003	0.150000	0.000000
NOTE	460	65.300003	0.900000	0.000000
NOTE	461	65.599998	0.600000	0.000000
NOTE	462	65.599998	0.350000	0.000000
NOTE	463	65.699997	0.400000	0.000000
NOTE	464	65.889999	0.650000	0.000000
NOTE	465	65.989998	0.400000	0.000000
NOTE	466	66.089996	0.350000	0.000000
NOTE	467	66.089996	0.700000	0.000000
NOTE	468	66.290001	0.900000	0.000000
NOTE	469	66.389999	0.100000	0.000000
NOTE	470	66.489998	0.150000	0.000000
NOTE	471	66.589996	0.850000	0.000000
NOTE	472	66.779999	0.150000	0.000000
NOTE	473	66.879997	0.850000	0.000000
NOTE	474	66.879997	0.100000	0.000000
NOTE	475	67.180000	0.650000	0.000000
NOTE	476	67.180000	0.400000	0.000000
NOTE	477	67.279999	0.350000	0.000000
NOTE	478	67.470001	0.700000	0.000000
NOTE	479	67.570000	0.350000	0.000000
NOTE	480	67.669998	0.750000	0.000000
NOTE	481	67.669998	0.400000	0.000000
NOTE	482	67.870003	0.853750	0.000000
NOTE	483	67.970001	0.150000	0.000000
NOTE	484	67.970001	0.896250	0.000000
NOTE	485	68.070000	0.100000	0.000000
NOTE	486	68.070000	0.925000	0.000000
NOTE	487	68.160004	0.938750	0.000000
NOTE	488	68.260002	0.936250	0.000000
NOTE	489	68.360001	0.100000	0.000000
NOTE	490	68.360001	0.917500	0.000000
NOTE	491	68.459999	0.150000	0.000000
NOTE	492	68.459999	0.886250	0.000000
NOTE	493	68.559998	0.847500	0.000000
NOTE	494	68.660004	0.750000	0.000000
NOTE	495	68.760002	0.671250	0.000000
NOTE	496	68.760002	0.350000	0.000000
NOTE	497	68.860001	0.400000	0.000000
NOTE	498	68.860001	0.631250	0.000000
NOTE	499	68.949997	0.613750	0.000000
NOTE	500	69.050003	0.608750	0.000000
NOTE	501	69.150002	0.627500	0.000000
NOTE	502	69.150002	0.400000	0.000000
NOTE	503	69.250000	0.658750	0.000000
NOTE	504	69.250000	0.350000	0.000000
NOTE	505	69.349998	0.705000	0.000000
NOTE	506	69.449997	0.800000	0.000000
NOTE	507	69.550003	0.850000	0.000000
NOTE	508	69.550003	0.100000	0.000000
NOTE	509	69.650002	0.888750	0.000000
NOTE	510	69.650002	0.150000	0.000000
NOTE	511	69.739998	0.912500	0.000000
NOTE	512	69.839996	0.923750	0.000000
NOTE	513	69.940002	0.150000	0.000000
NOTE	514	69.940002	0.923750	0.000000
NOTE	515	70.040001	0.922500	0.000000
NOTE	516	70.040001	0.100000	0.000000
NOTE	517	70.339996	0.450000	0.000000
NOTE	518	70.430000	0.400000	0.000000
NOTE	519	70.430000	0.650000	0.000000
NOTE	520	70.529999	0.630000	0.000000
NOTE	521	70.629997	0.658750	0.000000
NOTE	522	70.730003	0.681250	0.000000
NOTE	523	70.730003	0.400000	0.000000
NOTE	524	70.830002	0.706250	0.000000
NOTE	525	70.830002	0.450000	0.000000
NOTE	526	70.930000	0.731250	0.000000
NOTE	527	71.029999	0.100000	0.000000
NOTE	528	71.029999	0.900000	0.000000
NOTE	529	71.320000	0.200000	0.000000
NOTE	530	71.419998	0.850000	0.000000
NOTE	531	71.620003	0.100000	0.000000
NOTE	532	71.820000	0.700000	0.000000
NOTE	533	71.919998	0.350000	0.000000
NOTE	534	72.209999	0.700000	0.000000
NOTE	535	72.209999	0.350000	0.000000
NOTE	536	72.410004	0.700000	0.000000
NOTE	537	72.410004	0.350000	0.000000
NOTE	538	72.610001	0.900000	0.000000
NOTE	539	72.610001	0.100000	0.000000
NOTE	540	72.900002	0.100000	0.000000
NOTE	541	73.000000	0.900000	0.000000
NOTE	542	73.199997	0.100000	0.000000
NOTE	543	73.400002	0.650000	0.000000
NOTE	544	73.489998	0.350000	0.000000
NOTE	545	73.790001	0.350000	0.000000
NOTE	546	73.790001	0.650000	0.000000
NOTE	547	73.989998	0.650000	0.000000
NOTE	548	73.989998	0.350000	0.000000
NOTE	549	74.180000	0.200000	0.000000
NOTE	550	74.180000	0.900000	0.000000
NOTE	551	74.379997	0.900000	0.000000
NOTE	552	74.480003	0.150000	0.000000
NOTE	553	74.580002	0.900000	0.000000
NOTE	554	74.779999	0.100000	0.000000
NOTE	555	74.779999	0.900000	0.000000
NOTE	556	74.970001	0.650000	0.000000
NOTE	557	75.070000	0.350000	0.000000
NOTE	558	75.169998	0.650000	0.000000
NOTE	559	75.370003	0.350000	0.000000
NOTE	560	75.370003	0.650000	0.000000
NOTE	561	75.570000	0.350000	0.000000
NOTE	562	75.570000	0.650000	0.000000
NOTE	563	75.760002	0.850000	0.000000
NOTE	564	75.760002	0.100000	0.000000
NOTE	565	75.959999	0.900000	0.000000
NOTE	566	76.059998	0.800000	0.000000
NOTE	567	76.160004	0.900000	0.000000
NOTE	568	76.260002	0.750000	0.000000
NOTE	569	76.360001	0.850000	0.000000
NOTE	570	76.449997	0.700000	0.000000
NOTE	571	76.550003	0.400000	0.000000
NOTE	572	76.620003	0.300000	0.000000
NOTE	573	76.684074	0.400000	0.000000
NOTE	574	76.849998	0.300000	0.000000
NOTE	575	76.949997	0.450000	0.000000
NOTE	576	77.050003	0.250000	0.000000
NOTE	577	77.150002	0.400000	0.000000
NOTE	578	77.250000	0.100000	0.000000
NOTE	579	77.339996	0.700000	0.000000
NOTE	580	77.540001	0.900000	0.000000
NOTE	581	77.540001	0.100000	0.000000
NOTE	582	77.940002	0.100000	0.000000
NOTE	583	77.940002	0.450000	0.000000
NOTE	584	78.129997	0.300000	0.000000
NOTE	585	78.129997	0.600000	0.000000
NOTE	586	78.330002	0.900000	0.000000
NOTE	587	78.330002	0.600000	0.000000
NOTE	588	78.529999	0.300000	0.000000
NOTE	589	78.529999	0.600000	0.000000
NOTE	590	78.720001	0.600000	0.000000
NOTE	591	78.720001	0.900000	0.000000
NOTE	592	78.919998	0.450000	0.000000
NOTE	593	78.919998	0.100000	0.000000
NOTE	594	79.120003	0.750000	0.000000
NOTE	595	79.120003	0.450000	0.000000
NOTE	596	79.510002	0.400000	0.000000
NOTE	597	79.510002	0.100000	0.000000
NOTE	598	79.709999	0.250000	0.000000
NOTE	599	79.709999	0.550000	0.000000
NOTE	600	79.910004	0.900000	0.000000
NOTE	601	79.910004	0.550000	0.000000
NOTE	602	80.110001	0.550000	0.000000
NOTE	603	80.110001	0.900000	0.000000
NOTE	604	80.300003	0.900000	0.000000
NOTE	605	80.300003	0.550000	0.000000
NOTE	606	80.500000	0.150000	0.000000
NOTE	607	80.500000	0.720000	0.000000
NOTE	608	80.599998	0.100000	0.000000
NOTE	609	80.699997	0.721250	0.000000
NOTE	610	80.699997	0.150000	0.000000
NOTE	611	80.800003	0.200000	0.000000
NOTE	612	80.900002	0.150000	0.000000
NOTE	613	80.989998	0.100000	0.000000
NOTE	614	81.089996	0.718750	0.000000
NOTE	615	81.089996	0.150000	0.000000
NOTE	616	81.190002	0.200000	0.000000
NOTE	617	81.290001	0.250000	0.000000
NOTE	618	81.290001	0.900000	0.000000
NOTE	619	81.389999	0.300000	0.000000
NOTE	620	81.489998	0.350000	0.000000
NOTE	621	81.489998	0.900000	0.000000
NOTE	622	81.589996	0.400000	0.000000
NOTE	623	81.680000	0.350000	0.000000
NOTE	624	81.680000	0.900000	0.000000
NOTE	625	81.779999	0.300000	0.000000
NOTE	626	81.879997	0.350000	0.000000
NOTE	627	81.879997	0.900000	0.000000
NOTE	628	81.980003	0.300000	0.000000
NOTE	629	82.080002	0.700000	0.000000
NOTE	630	82.080002	0.200000	0.000000
NOTE	631	82.180000	0.150000	0.000000
NOTE	632	82.279999	0.100000	0.000000
NOTE	633	82.279999	0.650000	0.000000
NOTE	634	82.379997	0.150000	0.000000
NOTE	635	82.470001	0.100000	0.000000
NOTE	636	82.570000	0.150000	0.000000
NOTE	637	82.669998	0.200000	0.000000
NOTE	638	82.669998	0.650000	0.000000
NOTE	639	82.769997	0.250000	0.000000
NOTE	640	82.870003	0.900000	0.000000
NOTE	641	82.870003	0.300000	0.000000
NOTE	642	82.970001	0.350000	0.000000
NOTE	643	83.070000	0.900000	0.000000
NOTE	644	83.070000	0.400000	0.000000
NOTE	645	83.169998	0.450000	0.000000
NOTE	646	83.260002	0.350000	0.000000
NOTE	647	83.260002	0.900000	0.000000
NOTE	648	83.309525	0.400000	0.000000
NOTE	649	83.360001	0.450000	0.000000
NOTE	650	83.409546	0.500000	0.000000
NOTE	651	83.459999	0.900000	0.000000
NOTE	652	83.459999	0.550000	0.000000
NOTE	653	83.509567	0.500000	0.000000
NOTE	654	83.559998	0.450000	0.000000
NOTE	655	83.660004	0.750000	0.000000
NOTE	656	83.849998	0.100000	0.000000
NOTE	657	83.949997	0.150000	0.000000
NOTE	658	84.050003	0.750000	0.000000
NOTE	659	84.150002	0.150000	0.000000
NOTE	660	84.250000	0.850000	0.000000
NOTE	661	84.349998	0.800000	0.000000
NOTE	662	84.449997	0.350000	0.000000
NOTE	663	84.639999	0.600000	0.000000
NOTE	664	84.739998	0.350000	0.000000
NOTE	665	84.839996	0.600000	0.000000
NOTE	666	84.940002	0.550000	0.000000
NOTE	667	85.040001	0.300000	0.000000
NOTE	668	85.139999	0.550000	0.000000
NOTE	669	85.239998	0.100000	0.000000
NOTE	670	85.430000	0.900000	0.000000
NOTE	671	85.529999	0.100000	0.000000
NOTE	672	85.629997	0.900000	0.000000
NOTE	673	85.730003	0.100000	0.000000
NOTE	674	85.830002	0.150000	0.000000
NOTE	675	85.930000	0.750000	0.000000
NOTE	676	86.029999	0.550000	0.000000
NOTE	677	86.220001	0.750000	0.000000
NOTE	678	86.320000	0.550000	0.000000
NOTE	679	86.419998	0.750000	0.000000
NOTE	680	86.519997	0.550000	0.000000
NOTE	681	86.620003	0.750000	0.000000
NOTE	682	86.720001	0.100000	0.000000
NOTE	683	86.820000	0.400000	0.000000
NOTE	684	87.010002	0.100000	0.000000
NOTE	685	87.110001	0.250000	0.000000
NOTE	686	87.209999	0.400000	0.000000
NOTE	687	87.309998	0.250000	0.000000
NOTE	688	87.410004	0.100000	0.000000
NOTE	689	87.510002	0.900000	0.000000
NOTE	690	87.610001	0.600000	0.000000
NOTE	691	87.800003	0.600000	0.000000
NOTE	692	87.900002	0.750000	0.000000
NOTE	693	88.000000	0.900000	0.000000
NOTE	694	88.099998	0.750000	0.000000
NOTE	695	88.199997	0.600000	0.000000
NOTE	696	88.300003	0.450000	0.000000
NOTE	697	88.400002	0.250000	0.000000
NOTE	698	89.190002	0.550000	0.000000
NOTE	699	89.190002	0.850000	0.000000
NOTE	700	89.970001	0.100000	0.000000
NOTE	701	89.970001	0.400000	0.000000
NOTE	702	90.760002	0.500000	0.000000
NOTE	703	90.760002	0.200000	0.000000
NOTE	704	91.160004	0.800000	0.000000
NOTE	705	91.160004	0.500000	0.000000
NOTE	706	91.550003	0.100000	0.000000
NOTE	707	91.550003	0.900000	0.000000
NOTE	708	91.750000	0.100000	0.000000
NOTE	709	91.849998	0.200000	0.000000
NOTE	710	91.949997	0.650000	0.000000
NOTE	711	92.050003	0.100000	0.000000
NOTE	712	92.150002	0.200000	0.000000
NOTE	713	92.239998	0.650000	0.000000
NOTE	714	92.339996	0.900000	0.000000
NOTE	715	92.339996	0.400000	0.000000
NOTE	716	92.540001	0.400000	0.000000
NOTE	717	92.540001	0.900000	0.000000
NOTE	718	92.739998	0.900000	0.000000
NOTE	719	92.739998	0.400000	0.000000
NOTE	720	92.940002	0.400000	0.000000
NOTE	721	92.940002	0.900000	0.000000
NOTE	722	93.129997	0.100000	0.000000
NOTE	723	93.129997	0.700000	0.000000
NOTE	724	93.330002	0.700000	0.000000
NOTE	725	93.430000	0.600000	0.000000
NOTE	726	93.529999	0.100000	0.000000
NOTE	727	93.629997	0.700000	0.000000
NOTE	728	93.720001	0.600000	0.000000
NOTE	729	93.820000	0.100000	0.000000
NOTE	730	93.919998	0.350000	0.000000
NOTE	731	93.919998	0.900000	0.000000
NOTE	732	94.120003	0.900000	0.000000
NOTE	733	94.120003	0.300000	0.000000
NOTE	734	94.320000	0.900000	0.000000
NOTE	735	94.320000	0.400000	0.000000
NOTE	736	94.510002	0.400000	0.000000
NOTE	737	94.510002	0.900000	0.000000
NOTE	738	94.709999	0.100000	0.000000
NOTE	739	94.709999	0.700000	0.000000
NOTE	740	94.910004	0.100000	0.000000
NOTE	741	95.010002	0.150000	0.000000
NOTE	742	95.110001	0.650000	0.000000
NOTE	743	95.209999	0.100000	0.000000
NOTE	744	95.300003	0.150000	0.000000
NOTE	745	95.400002	0.650000	0.000000
NOTE	746	95.500000	0.900000	0.000000
NOTE	747	95.500000	0.450000	0.000000
NOTE	748	95.699997	0.400000	0.000000
NOTE	749	95.699997	0.900000	0.000000
NOTE	750	95.900002	0.900000	0.000000
NOTE	751	95.900002	0.350000	0.000000
NOTE	752	96.089996	0.300000	0.000000
NOTE	753	96.089996	0.900000	0.000000
NOTE	754	96.290001	0.600000	0.000000
NOTE	755	96.290001	0.150000	0.000000
NOTE	756	96.489998	0.650000	0.000000
NOTE	757	96.589996	0.600000	0.000000
NOTE	758	96.680000	0.150000	0.000000
NOTE	759	96.779999	0.650000	0.000000
NOTE	760	96.879997	0.600000	0.000000
NOTE	761	96.980003	0.150000	0.000000
NOTE	762	97.080002	0.900000	0.000000
NOTE	763	97.080002	0.350000	0.000000
NOTE	764	97.180000	0.400000	0.000000
NOTE	765	97.279999	0.850000	0.000000
NOTE	766	97.379997	0.350000	0.000000
NOTE	767	97.470001	0.800000	0.000000
NOTE	768	97.570000	0.400000	0.000000
NOTE	769	97.669998	0.750000	0.000000
NOTE	770	97.769997	0.450000	0.000000
NOTE	771	97.870003	0.100000	0.000000
NOTE	772	97.870003	0.900000	0.000000
NOTE	773	98.070000	0.150000	0.000000
NOTE	774	98.169998	0.100000	0.000000
NOTE	775	98.260002	0.600000	0.000000
NOTE	776	98.360001	0.650000	0.000000
NOTE	777	98.459999	0.150000	0.000000
NOTE	778	98.559998	0.800000	0.000000
NOTE	779	98.660004	0.850000	0.000000
NOTE	780	98.660004	0.400000	0.000000
NOTE	781	98.860001	0.850000	0.000000
NOTE	782	98.959999	0.800000	0.000000
NOTE	783	99.050003	0.400000	0.000000
NOTE	784	99.150002	0.450000	0.000000
NOTE	785	99.250000	0.850000	0.000000
NOTE	786	99.349998	0.300000	0.000000
NOTE	787	99.449997	0.250000	0.000000
NOTE	788	99.449997	0.850000	0.000000
NOTE	789	99.650002	0.100000	0.000000
NOTE	790	99.739998	0.650000	0.000000
NOTE	791	99.839996	0.600000	0.000000
NOTE	792	99.940002	0.100000	0.000000
NOTE	793	100.040001	0.650000	0.000000
NOTE	794	100.139999	0.300000	0.000000
NOTE	795	100.239998	0.350000	0.000000
NOTE	796	100.239998	0.650000	0.000000
NOTE	797	100.440002	0.350000	0.000000
NOTE	798	100.529999	0.850000	0.000000
NOTE	799	100.629997	0.350000	0.000000
NOTE	800	100.730003	0.400000	0.000000
NOTE	801	100.830002	0.850000	0.000000
NOTE	802	100.930000	0.200000	0.000000
NOTE	803	101.029999	0.850000	0.000000
NOTE	804	101.029999	0.150000	0.000000
NOTE	805	101.220001	0.100000	0.000000
NOTE	806	101.220001	0.650000	0.000000
NOTE	807	101.320000	0.600000	0.000000
NOTE	808	101.419998	0.100000	0.000000
NOTE	809	101.419998	0.650000	0.000000
NOTE	810	101.519997	0.700000	0.000000
NOTE	811	101.620003	0.100000	0.000000
NOTE	812	101.620003	0.650000	0.000000
NOTE	813	101.717224	0.600000	0.000000
NOTE	814	101.820000	0.100000	0.000000
NOTE	815	102.010002	0.400000	0.000000
NOTE	816	102.010002	0.900000	0.000000
NOTE	817	102.110001	0.350000	0.000000
NOTE	818	102.209999	0.300000	0.000000
NOTE	819	102.209999	0.900000	0.000000
NOTE	820	102.309998	0.350000	0.000000
NOTE	821	102.410004	0.400000	0.000000
NOTE	822	102.410004	0.900000	0.000000
NOTE	823	102.504448	0.450000	0.000000
NOTE	824	102.610001	0.700000	0.000000
NOTE	825	102.708183	0.100000	0.000000
NOTE	826	102.800003	0.700000	0.000000
NOTE	827	102.900002	0.100000	0.000000
NOTE	828	103.000000	0.700000	0.000000
NOTE	829	103.099998	0.100000	0.000000
NOTE	830	103.199997	0.700000	0.000000
NOTE	831	103.294449	0.100000	0.000000
NOTE	832	103.400002	0.350000	0.000000
NOTE	833	103.400002	0.900000	0.000000
NOTE	834	103.589996	0.900000	0.000000
NOTE	835	103.589996	0.350000	0.000000
NOTE	836	103.790001	0.350000	0.000000
NOTE	837	103.790001	0.900000	0.000000
NOTE	838	103.989998	0.350000	0.000000
NOTE	839	103.989998	0.900000	0.000000
NOTE	840	104.190002	0.100000	0.000000
NOTE	841	104.379997	0.600000	0.000000
NOTE	842	104.480003	0.550000	0.000000
NOTE	843	104.580002	0.500000	0.000000
NOTE	844	104.680000	0.650000	0.000000
NOTE	845	104.779999	0.600000	0.000000
NOTE	846	104.874443	0.550000	0.000000
NOTE	847	104.970001	0.300000	0.300000
NOTE	848	104.970001	0.900000	0.000000
NOTE	849	105.070000	0.850000	0.000000
NOTE	850	105.169998	0.800000	0.000000
NOTE	851	105.269997	0.900000	0.000000
NOTE	852	105.370003	0.250000	0.294594
NOTE	853	105.370003	0.850000	0.000000
NOTE	854	105.470001	0.800000	0.000000
NOTE	855	105.570000	0.850000	0.000000
NOTE	856	105.660004	0.800000	0.000000
NOTE	857	105.760002	0.600000	0.000000
NOTE	858	105.760002	0.100000	0.478999
NOTE	859	105.860001	0.450000	0.000000
NOTE	860	105.959999	0.500000	0.000000
NOTE	861	106.059998	0.600000	0.000000
NOTE	862	106.160004	0.450000	0.000000
NOTE	863	106.260002	0.500000	0.000000
NOTE	864	106.360001	0.600000	0.000000
NOTE	865	106.550003	0.250000	0.400000
NOTE	866	106.650002	0.850000	0.000000
NOTE	867	106.750000	0.800000	0.000000
NOTE	868	106.849998	0.750000	0.000000
NOTE	869	106.949997	0.917500	0.000000
NOTE	870	107.050003	0.893750	0.000000
NOTE	871	107.139999	0.850000	0.000000
NOTE	872	107.245552	0.750000	0.000000
NOTE	873	107.296783	0.650000	0.000000
NOTE	874	107.339996	0.550000	0.000000
NOTE	875	107.339996	0.100000	0.500000
NOTE	876	107.440002	0.500000	0.000000
NOTE	877	107.540001	0.400000	0.000000
NOTE	878	107.605156	0.450000	0.000000
NOTE	879	107.669998	0.400000	0.000000
NOTE	880	107.739998	0.600000	0.000000
NOTE	881	107.839996	0.550000	0.000000
NOTE	882	107.930000	0.500000	0.000000
NOTE	883	108.029999	0.450000	0.000000
NOTE	884	108.129997	0.900000	0.000000
NOTE	885	108.129997	0.250000	0.300000
NOTE	886	108.230003	0.850000	0.000000
NOTE	887	108.330002	0.800000	0.000000
NOTE	888	108.430000	0.750000	0.000000
NOTE	889	108.529999	0.250000	0.292198
NOTE	890	108.529999	0.900000	0.000000
NOTE	891	108.629997	0.850000	0.000000
NOTE	892	108.720001	0.800000	0.000000
NOTE	893	108.820000	0.750000	0.000000
NOTE	894	108.919998	0.400000	0.000000
NOTE	895	108.919998	0.100000	0.300000
NOTE	896	109.019997	0.500000	0.000000
NOTE	897	109.120003	0.550000	0.000000
NOTE	898	109.220001	0.400000	0.000000
NOTE	899	109.320000	0.500000	0.000000
NOTE	900	109.419998	0.550000	0.000000
NOTE	901	109.510002	0.400000	0.000000
NOTE	902	109.709999	0.900000	0.000000
NOTE	903	109.709999	0.200000	0.300000
NOTE	904	109.809998	0.750000	0.000000
NOTE	905	109.910004	0.800000	0.000000
NOTE	906	110.010002	0.900000	0.000000
NOTE	907	110.110001	0.750000	0.000000
NOTE	908	110.199997	0.700000	0.000000
NOTE	909	110.300003	0.750000	0.000000
NOTE	910	110.400002	0.800000	0.000000
NOTE	911	110.500000	0.350000	0.000000
NOTE	912	110.500000	0.100000	0.000000
NOTE	913	110.699997	0.100000	0.000000
NOTE	914	110.800003	0.350000	0.000000
NOTE	915	110.900002	0.400000	0.000000
NOTE	916	110.989998	0.100000	0.000000
NOTE	917	111.089996	0.350000	0.000000
NOTE	918	111.190002	0.400000	0.000000
NOTE	919	111.290001	0.600000	0.000000
NOTE	920	111.290001	0.800000	0.300000
NOTE	921	111.389999	0.550000	0.000000
NOTE	922	111.489998	0.500000	0.000000
NOTE	923	111.589996	0.550000	0.000000
NOTE	924	111.680000	0.500000	0.000000
NOTE	925	111.680000	0.750000	0.299797
NOTE	926	111.779999	0.450000	0.000000
NOTE	927	111.879997	0.500000	0.000000
NOTE	928	111.977226	0.450000	0.000000
NOTE	929	112.080002	0.200000	0.000000
NOTE	930	112.080002	0.900000	0.500000
NOTE	931	112.180000	0.250000	0.000000
NOTE	932	112.279999	0.100000	0.000000
NOTE	933	112.379997	0.150000	0.000000
NOTE	934	112.470001	0.200000	0.000000
NOTE	935	112.570000	0.250000	0.000000
NOTE	936	112.669998	0.100000	0.000000
NOTE	937	112.767220	0.150000	0.000000
NOTE	938	112.870003	0.750000	0.200000
NOTE	939	112.870003	0.500000	0.000000
NOTE	940	112.970001	0.450000	0.000000
NOTE	941	113.070000	0.500000	0.000000
NOTE	942	113.160004	0.550000	0.000000
NOTE	943	113.260002	0.500000	0.000000
NOTE	944	113.260002	0.750000	0.200000
NOTE	945	113.360001	0.550000	0.000000
NOTE	946	113.459999	0.500000	0.000000
NOTE	947	113.557220	0.450000	0.000000
NOTE	948	113.660004	0.200000	0.000000
NOTE	949	113.660004	0.900000	0.687996
NOTE	950	113.760002	0.150000	0.000000
NOTE	951	113.860001	0.100000	0.000000
NOTE	952	113.949997	0.250000	0.000000
NOTE	953	114.050003	0.200000	0.000000
NOTE	954	114.150002	0.150000	0.000000
NOTE	955	114.250000	0.300000	0.000000
NOTE	956	114.550003	0.450000	0.000000
NOTE	957	114.639999	0.500000	0.000000
NOTE	958	114.739998	0.550000	0.000000
NOTE	959	114.839996	0.700000	0.000000
NOTE	960	115.040001	0.700000	0.000000
NOTE	961	115.236374	0.900000	0.690422
NOTE	962	115.236374	0.100000	0.000000
NOTE	963	115.300003	0.181250	0.000000
NOTE	964	115.370003	0.100000	0.000000
NOTE	965	115.439705	0.300000	0.000000
NOTE	966	115.529999	0.250000	0.000000
NOTE	967	115.629997	0.200000	0.000000
NOTE	968	115.730003	0.150000	0.000000
NOTE	969	115.830002	0.100000	0.000000
NOTE	970	115.924446	0.150000	0.000000
NOTE	971	116.016380	0.300000	0.000000
NOTE	972	116.089996	0.350000	0.000000
NOTE	973	116.160004	0.400000	0.000000
NOTE	974	116.224243	0.450000	0.000000
NOTE	975	116.290001	0.800000	0.000000
NOTE	976	116.357605	0.750000	0.000000
NOTE	977	116.419998	0.700000	0.000000
NOTE	978	116.490967	0.650000	0.000000
NOTE	979	116.550003	0.700000	0.000000
NOTE	980	116.620003	0.750000	0.000000
NOTE	981	116.691010	0.800000	0.000000
NOTE	982	116.750000	0.850000	0.000000
NOTE	983	116.820000	0.100000	0.000000
NOTE	984	116.820000	0.900000	0.000000
NOTE	985	117.010002	0.550000	0.000000
NOTE	986	117.110001	0.500000	0.000000
NOTE	987	117.110001	0.100000	0.000000
NOTE	988	117.209999	0.550000	0.000000
NOTE	989	117.309998	0.600000	0.000000
NOTE	990	117.410004	0.550000	0.000000
NOTE	991	117.410004	0.100000	0.000000
NOTE	992	117.504448	0.600000	0.000000
NOTE	993	117.610001	0.800000	0.000000
NOTE	994	117.699997	0.850000	0.000000
NOTE	995	117.699997	0.300000	0.000000
NOTE	996	117.800003	0.900000	0.000000
NOTE	997	117.900002	0.850000	0.000000
NOTE	998	118.000000	0.800000	0.000000
NOTE	999	118.000000	0.300000	0.000000
NOTE	1000	118.099998	0.850000	0.000000
NOTE	1001	118.199997	0.300000	0.000000
NOTE	1002	118.199997	0.900000	0.000000
NOTE	1003	118.294449	0.850000	0.000000
NOTE	1004	118.389999	0.100000	0.000000
NOTE	1005	118.389999	0.650000	0.000000
NOTE	1006	118.489998	0.550000	0.000000
NOTE	1007	118.589996	0.500000	0.000000
NOTE	1008	118.690002	0.600000	0.000000
NOTE	1009	118.690002	0.100000	0.000000
NOTE	1010	118.790001	0.500000	0.000000
NOTE	1011	118.889999	0.450000	0.000000
NOTE	1012	118.989998	0.100000	0.000000
NOTE	1013	118.989998	0.550000	0.000000
NOTE	1014	119.081665	0.600000	0.000000
NOTE	1015	119.180000	0.750000	0.000000
NOTE	1016	119.250000	0.800000	0.000000
NOTE	1017	119.316681	0.750000	0.000000
NOTE	1018	119.379997	0.900000	0.000000
NOTE	1019	119.480003	0.850000	0.000000
NOTE	1020	119.580002	0.800000	0.000000
NOTE	1021	119.680000	0.900000	0.000000
NOTE	1022	119.779999	0.850000	0.000000
NOTE	1023	119.870003	0.800000	0.000000
NOTE	1024	119.970001	0.100000	0.000000
NOTE	1025	119.970001	0.650000	0.000000
NOTE	1026	120.070000	0.500000	0.000000
NOTE	1027	120.169998	0.550000	0.000000
NOTE	1028	120.269997	0.600000	0.000000
NOTE	1029	120.269997	0.100000	0.000000
NOTE	1030	120.370003	0.450000	0.000000
NOTE	1031	120.470001	0.500000	0.000000
NOTE	1032	120.570000	0.100000	0.000000
NOTE	1033	120.570000	0.650000	0.000000
NOTE	1034	120.660004	0.600000	0.000000
NOTE	1035	120.760002	0.900000	0.000000
NOTE	1036	120.830002	0.872500	0.000000
NOTE	1037	120.864342	0.300000	0.000000
NOTE	1038	120.897682	0.847500	0.000000
NOTE	1039	120.959999	0.826250	0.000000
NOTE	1040	121.025986	0.800000	0.000000
NOTE	1041	121.089996	0.778750	0.000000
NOTE	1042	121.160004	0.300000	0.000000
NOTE	1043	121.160004	0.900000	0.000000
NOTE	1044	121.260002	0.800000	0.000000
NOTE	1045	121.360001	0.300000	0.000000
NOTE	1046	121.360001	0.900000	0.000000
NOTE	1047	121.449997	0.850000	0.000000
NOTE	1048	121.550003	0.600000	0.000000
NOTE	1049	121.550003	0.100000	0.000000
NOTE	1050	121.650002	0.550000	0.000000
NOTE	1051	121.750000	0.500000	0.000000
NOTE	1052	121.849998	0.550000	0.000000
NOTE	1053	121.849998	0.100000	0.000000
NOTE	1054	121.949997	0.600000	0.000000
NOTE	1055	122.050003	0.500000	0.000000
NOTE	1056	122.139999	0.100000	0.000000
NOTE	1057	122.139999	0.450000	0.000000
NOTE	1058	122.470001	0.300000	0.000000
NOTE	1059	122.540001	0.750000	0.000000
NOTE	1060	122.602531	0.300000	0.000000
NOTE	1061	122.669998	0.750000	0.000000
NOTE	1062	122.741447	0.300000	0.000000
NOTE	1063	122.800003	0.750000	0.000000
NOTE	1064	122.870003	0.300000	0.000000
NOTE	1065	122.930374	0.750000	0.000000
NOTE	1066	123.000000	0.750000	0.000000
NOTE	1067	123.000000	0.300000	0.000000
NOTE	1068	123.129997	0.100000	0.000000
NOTE	1069	123.129997	0.900000	0.000000
NOTE	1070	123.430000	0.900000	0.000000
NOTE	1071	123.430000	0.100000	0.000000
NOTE	1072	123.720001	0.900000	0.000000
NOTE	1073	123.720001	0.100000	0.000000
NOTE	1074	124.019997	0.700000	0.000000
NOTE	1075	124.019997	0.400000	0.000000
NOTE	1076	124.314980	0.700000	0.000000
NOTE	1077	124.314980	0.450000	0.000000
NOTE	1078	124.379997	0.500000	0.000000
NOTE	1079	124.443329	0.450000	0.000000
NOTE	1080	124.510002	0.700000	0.000000
NOTE	1081	124.510002	0.400000	0.000000
NOTE	1082	124.610001	0.350000	0.000000
NOTE	1083	124.709999	0.900000	0.000000
NOTE	1084	124.709999	0.100000	0.000000
NOTE	1085	125.010002	0.900000	0.000000
NOTE	1086	125.010002	0.150000	0.000000
NOTE	1087	125.300003	0.900000	0.000000
NOTE	1088	125.300003	0.150000	0.000000
NOTE	1089	125.370003	0.200000	0.000000
NOTE	1090	125.433899	0.350000	0.000000
NOTE	1091	125.500000	0.400000	0.000000
NOTE	1092	125.599998	0.700000	0.000000
NOTE	1093	125.599998	0.500000	0.000000
NOTE	1094	125.699997	0.450000	0.000000
NOTE	1095	125.800003	0.400000	0.000000
NOTE	1096	125.889999	0.500000	0.000000
NOTE	1097	125.889999	0.700000	0.000000
NOTE	1098	125.989998	0.450000	0.000000
NOTE	1099	126.089996	0.400000	0.000000
NOTE	1100	126.089996	0.700000	0.000000
NOTE	1101	126.187225	0.450000	0.000000
NOTE	1102	126.290001	0.100000	0.000000
NOTE	1103	126.348671	0.900000	0.000000
NOTE	1104	126.419998	0.100000	0.000000
NOTE	1105	126.482033	0.900000	0.000000
NOTE	1106	126.550003	0.100000	0.000000
NOTE	1107	126.620003	0.900000	0.000000
NOTE	1108	126.682076	0.100000	0.000000
NOTE	1109	126.750000	0.900000	0.000000
NOTE	1110	126.815437	0.100000	0.000000
NOTE	1111	126.879997	0.900000	0.000000
NOTE	1112	126.949997	0.100000	0.000000
NOTE	1113	127.015480	0.700000	0.000000
NOTE	1114	127.080002	0.300000	0.000000
NOTE	1115	127.143288	0.700000	0.000000
NOTE	1116	127.209999	0.300000	0.000000
NOTE	1117	127.273872	0.700000	0.000000
NOTE	1118	127.339996	0.300000	0.000000
NOTE	1119	127.410004	0.700000	0.000000
NOTE	1120	127.476692	0.300000	0.000000
NOTE	1121	127.540001	0.500000	0.000000
NOTE	1122	127.604492	0.700000	0.000000
NOTE	1123	127.669998	0.300000	0.000000
NOTE	1124	127.732300	0.500000	0.000000
NOTE	1125	127.800003	0.100000	0.000000
NOTE	1126	127.870003	0.900000	0.000000
NOTE	1127	128.070007	0.900000	0.000000
NOTE	1128	128.136353	0.100000	0.000000
NOTE	1129	128.199997	0.900000	0.000000
NOTE	1130	128.269653	0.100000	0.000000
NOTE	1131	128.360001	0.900000	0.000000
NOTE	1132	128.460007	0.100000	0.000000
NOTE	1133	128.559998	0.750000	0.000000
NOTE	1134	128.660004	0.350000	0.000000
NOTE	1135	128.860001	0.450000	0.000000
NOTE	1136	129.050003	0.650000	0.000000
NOTE	1137	129.250000	0.750000	0.000000
NOTE	1138	129.449997	0.900000	0.000000
NOTE	1139	129.449997	0.100000	0.000000
NOTE	1140	129.550003	0.150000	0.000000
NOTE	1141	129.649994	0.200000	0.000000
NOTE	1142	129.740005	0.250000	0.000000
NOTE	1143	129.839996	0.100000	0.000000
NOTE	1144	129.940002	0.150000	0.000000
NOTE	1145	130.039993	0.200000	0.000000
NOTE	1146	130.039993	0.900000	0.000000
NOTE	1147	130.134445	0.250000	0.000000
NOTE	1148	130.134445	0.850000	0.000000
NOTE	1149	130.240005	0.700000	0.000000
NOTE	1150	130.240005	0.400000	0.000000
NOTE	1151	130.339996	0.450000	0.000000
NOTE	1152	130.429993	0.500000	0.000000
NOTE	1153	130.429993	0.700000	0.000000
NOTE	1154	130.529999	0.450000	0.000000
NOTE	1155	130.630005	0.500000	0.000000
NOTE	1156	130.630005	0.700000	0.000000
NOTE	1157	130.729996	0.450000	0.000000
NOTE	1158	130.830002	0.400000	0.000000
NOTE	1159	130.830002	0.700000	0.000000
NOTE	1160	130.924438	0.350000	0.000000
NOTE	1161	131.029999	0.900000	0.000000
NOTE	1162	131.029999	0.150000	0.000000
NOTE	1163	131.130005	0.100000	0.000000
NOTE	1164	131.220001	0.150000	0.000000
NOTE	1165	131.320007	0.200000	0.000000
NOTE	1166	131.419998	0.250000	0.000000
NOTE	1167	131.419998	0.900000	0.000000
NOTE	1168	131.520004	0.200000	0.000000
NOTE	1169	131.619995	0.150000	0.000000
NOTE	1170	131.714447	0.100000	0.000000
NOTE	1171	131.820007	0.500000	0.000000
NOTE	1172	131.919998	0.450000	0.000000
NOTE	1173	132.009995	0.400000	0.000000
NOTE	1174	132.110001	0.450000	0.000000
NOTE	1175	132.210007	0.400000	0.000000
NOTE	1176	132.309998	0.450000	0.000000
NOTE	1177	132.410004	0.500000	0.000000
NOTE	1178	132.501663	0.450000	0.000000
NOTE	1179	132.610001	0.900000	0.000000
NOTE	1180	132.610001	0.150000	0.000000
NOTE	1181	132.710007	0.100000	0.000000
NOTE	1182	132.800003	0.150000	0.000000
NOTE	1183	132.899994	0.200000	0.000000
NOTE	1184	133.000000	0.100000	0.000000
NOTE	1185	133.100006	0.150000	0.000000
NOTE	1186	133.199997	0.200000	0.000000
NOTE	1187	133.199997	0.900000	0.000000
NOTE	1188	133.291672	0.850000	0.000000
NOTE	1189	133.291672	0.250000	0.000000
NOTE	1190	133.389999	0.700000	0.000000
NOTE	1191	133.389999	0.500000	0.000000
NOTE	1192	133.490005	0.450000	0.000000
NOTE	1193	133.589996	0.700000	0.000000
NOTE	1194	133.589996	0.400000	0.000000
NOTE	1195	133.690002	0.500000	0.000000
NOTE	1196	133.789993	0.450000	0.000000
NOTE	1197	133.789993	0.700000	0.000000
NOTE	1198	133.889999	0.400000	0.000000
NOTE	1199	133.990005	0.700000	0.000000
NOTE	1200	133.990005	0.500000	0.000000
NOTE	1201	134.081665	0.450000	0.000000
NOTE	1202	134.190002	0.900000	0.000000
NOTE	1203	134.190002	0.150000	0.000000
NOTE	1204	134.279999	0.200000	0.000000
NOTE	1205	134.380005	0.150000	0.000000
NOTE	1206	134.479996	0.100000	0.000000
NOTE	1207	134.580002	0.900000	0.000000
NOTE	1208	134.580002	0.300000	0.000000
NOTE	1209	134.679993	0.250000	0.000000
NOTE	1210	134.779999	0.200000	0.000000
NOTE	1211	134.871674	0.150000	0.000000
NOTE	1212	134.979996	0.500000	0.000000
NOTE	1213	135.169998	0.750000	0.000000
NOTE	1214	135.369995	0.600000	0.000000
NOTE	1215	135.470001	0.650000	0.000000
NOTE	1216	135.570007	0.700000	0.000000
NOTE	1217	135.661667	0.750000	0.000000
NOTE	1218	135.770004	0.900000	0.000000
NOTE	1219	135.770004	0.100000	0.000000
NOTE	1220	135.960007	0.150000	0.000000
NOTE	1221	136.059998	0.200000	0.000000
NOTE	1222	136.160004	0.100000	0.000000
NOTE	1223	136.259995	0.150000	0.000000
NOTE	1224	136.360001	0.900000	0.000000
NOTE	1225	136.360001	0.200000	0.000000
NOTE	1226	136.448898	0.150000	0.000000
NOTE	1227	136.448898	0.850000	0.000000
NOTE	1228	136.550003	0.700000	0.000000
NOTE	1229	136.550003	0.450000	0.000000
NOTE	1230	136.649994	0.400000	0.000000
NOTE	1231	136.750000	0.500000	0.000000
NOTE	1232	136.750000	0.700000	0.000000
NOTE	1233	136.850006	0.450000	0.000000
NOTE	1234	136.949997	0.700000	0.000000
NOTE	1235	136.949997	0.500000	0.000000
NOTE	1236	137.050003	0.450000	0.000000
NOTE	1237	137.147217	0.400000	0.000000
NOTE	1238	137.147217	0.700000	0.000000
NOTE	1239	137.240005	0.350000	0.000000
NOTE	1240	137.339996	0.300000	0.000000
NOTE	1241	137.339996	0.900000	0.000000
NOTE	1242	137.440002	0.250000	0.000000
NOTE	1243	137.539993	0.900000	0.000000
NOTE	1244	137.539993	0.200000	0.000000
NOTE	1245	137.639999	0.150000	0.000000
NOTE	1246	137.740005	0.900000	0.000000
NOTE	1247	137.740005	0.100000	0.000000
NOTE	1248	137.839996	0.150000	0.000000
NOTE	1249	137.940002	0.900000	0.000000
NOTE	1250	137.940002	0.200000	0.000000
NOTE	1251	138.028885	0.250000	0.000000
NOTE	1252	138.130005	0.700000	0.000000
NOTE	1253	138.130005	0.300000	0.000000
NOTE	1254	138.229996	0.350000	0.000000
NOTE	1255	138.330002	0.400000	0.000000
NOTE	1256	138.429993	0.450000	0.000000
NOTE	1257	138.529999	0.700000	0.000000
NOTE	1258	138.529999	0.500000	0.000000
NOTE	1259	138.622070	0.450000	0.000000
NOTE	1260	138.660004	0.700000	0.000000
NOTE	1261	138.722046	0.400000	0.000000
NOTE	1262	138.789993	0.700000	0.000000
NOTE	1263	138.819244	0.350000	0.000000
NOTE	1264	138.919998	0.300000	0.000000
NOTE	1265	138.919998	0.900000	0.000000
NOTE	1266	139.020004	0.250000	0.000000
NOTE	1267	139.119995	0.200000	0.000000
NOTE	1268	139.220001	0.150000	0.000000
NOTE	1269	139.320007	0.100000	0.000000
NOTE	1270	139.320007	0.900000	0.000000
NOTE	1271	139.426529	0.150000	0.000000
NOTE	1272	139.449997	0.900000	0.000000
NOTE	1273	139.526505	0.200000	0.000000
NOTE	1274	139.580002	0.900000	0.000000
NOTE	1275	139.607040	0.250000	0.000000
NOTE	1276	139.710007	0.300000	0.000000
NOTE	1277	139.710007	0.700000	0.000000
NOTE	1278	139.809998	0.350000	0.000000
NOTE	1279	139.910004	0.400000	0.000000
NOTE	1280	140.009995	0.450000	0.000000
NOTE	1281	140.110001	0.700000	0.000000
NOTE	1282	140.110001	0.500000	0.000000
NOTE	1283	140.201035	0.450000	0.000000
NOTE	1284	140.240005	0.700000	0.000000
NOTE	1285	140.301010	0.400000	0.000000
NOTE	1286	140.369995	0.700000	0.000000
NOTE	1287	140.395432	0.350000	0.000000
NOTE	1288	140.500000	0.900000	0.000000
NOTE	1289	140.500000	0.300000	0.000000
NOTE	1290	140.600006	0.250000	0.000000
NOTE	1291	140.628052	0.900000	0.000000
NOTE	1292	140.699997	0.200000	0.000000
NOTE	1293	140.761353	0.900000	0.000000
NOTE	1294	140.794678	0.150000	0.000000
NOTE	1295	140.899994	0.900000	0.000000
NOTE	1296	140.899994	0.100000	0.000000
NOTE	1297	140.990005	0.150000	0.000000
NOTE	1298	141.027954	0.900000	0.000000
NOTE	1299	141.090866	0.200000	0.000000
NOTE	1300	141.160004	0.900000	0.000000
NOTE	1301	141.185287	0.250000	0.000000
NOTE	1302	141.289993	0.300000	0.000000
NOTE	1303	141.289993	0.700000	0.000000
NOTE	1304	141.389999	0.350000	0.000000
NOTE	1305	141.416702	0.700000	0.000000
NOTE	1306	141.490005	0.400000	0.000000
NOTE	1307	141.550003	0.700000	0.000000
NOTE	1308	141.587784	0.450000	0.000000
NOTE	1309	141.690002	0.700000	0.000000
NOTE	1310	141.690002	0.500000	0.000000
NOTE	1311	141.779999	0.450000	0.000000
NOTE	1312	141.816605	0.700000	0.000000
NOTE	1313	141.880005	0.400000	0.000000
NOTE	1314	141.949905	0.700000	0.000000
NOTE	1315	141.974442	0.350000	0.000000
NOTE	1316	142.080002	0.100000	0.471393
NOTE	1317	142.080002	0.900000	0.000000
NOTE	1318	142.210007	0.900000	0.000000
NOTE	1319	142.339996	0.900000	0.000000
NOTE	1320	142.470001	0.900000	0.000000
NOTE	1321	142.610001	0.900000	0.000000
NOTE	1322	142.740005	0.900000	0.000000
NOTE	1323	142.869995	0.250000	0.470798
NOTE	1324	142.869995	0.500000	0.000000
NOTE	1325	143.000000	0.550000	0.000000
NOTE	1326	143.130005	0.600000	0.000000
NOTE	1327	143.259995	0.650000	0.000000
NOTE	1328	143.389999	0.600000	0.000000
NOTE	1329	143.529999	0.550000	0.000000
NOTE	1330	143.660004	0.100000	0.685181
NOTE	1331	143.660004	0.850000	0.000000
NOTE	1332	143.789993	0.800000	0.000000
NOTE	1333	143.919998	0.850000	0.000000
NOTE	1334	144.050003	0.900000	0.000000
NOTE	1335	144.179993	0.850000	0.000000
NOTE	1336	144.320007	0.800000	0.000000
NOTE	1337	144.449997	0.250000	0.684601
NOTE	1338	144.449997	0.600000	0.000000
NOTE	1339	144.580002	0.550000	0.000000
NOTE	1340	144.710007	0.500000	0.000000
NOTE	1341	144.839996	0.450000	0.000000
NOTE	1342	144.970001	0.500000	0.000000
NOTE	1343	145.110001	0.550000	0.000000
NOTE	1344	145.240005	0.100000	0.683990
NOTE	1345	145.240005	0.900000	0.000000
NOTE	1346	145.327774	0.850000	0.000000
NOTE	1347	145.427750	0.800000	0.000000
NOTE	1348	145.527649	0.850000	0.000000
NOTE	1349	145.630005	0.900000	0.000000
NOTE	1350	145.759995	0.800000	0.000000
NOTE	1351	145.899994	0.850000	0.000000
NOTE	1352	146.029999	0.650000	0.000000
NOTE	1353	146.029999	0.250000	0.683395
NOTE	1354	146.160004	0.550000	0.000000
NOTE	1355	146.289993	0.450000	0.000000
NOTE	1356	146.419998	0.550000	0.000000
NOTE	1357	146.550003	0.650000	0.000000
NOTE	1358	146.690002	0.450000	0.000000
NOTE	1359	146.820007	0.100000	0.682785
NOTE	1360	146.820007	0.900000	0.000000
NOTE	1361	146.930099	0.850000	0.000000
NOTE	1362	147.030075	0.800000	0.000000
NOTE	1363	147.130051	0.750000	0.000000
NOTE	1364	147.210007	0.900000	0.000000
NOTE	1365	147.279984	0.850000	0.000000
NOTE	1366	147.339996	0.800000	0.000000
NOTE	1367	147.413284	0.850000	0.000000
NOTE	1368	147.470001	0.800000	0.000000
NOTE	1369	147.543808	0.700000	0.000000
NOTE	1370	147.610001	0.600000	0.000000
NOTE	1371	147.610001	0.250000	0.682190
NOTE	1372	147.801086	0.500000	0.000000
NOTE	1373	148.000000	0.550000	0.000000
NOTE	1374	148.100006	0.600000	0.000000
NOTE	1375	148.199997	0.650000	0.000000
NOTE	1376	148.290024	0.700000	0.000000
NOTE	1377	148.389999	0.850000	0.000000
NOTE	1378	148.389999	0.100000	0.000000
NOTE	1379	148.660004	0.800000	0.000000
NOTE	1380	148.789993	0.100000	0.000000
NOTE	1381	148.919998	0.900000	0.000000
NOTE	1382	149.176361	0.300000	0.000000
NOTE	1383	149.279999	0.650000	0.000000
NOTE	1384	149.380005	0.600000	0.000000
NOTE	1385	149.580002	0.300000	0.000000
NOTE	1386	149.580002	0.500000	0.000000
NOTE	1387	149.778244	0.400000	0.000000
NOTE	1388	149.970001	0.100000	0.000000
NOTE	1389	149.970001	0.850000	0.000000
NOTE	1390	150.240005	0.800000	0.000000
NOTE	1391	150.369995	0.100000	0.000000
NOTE	1392	150.500000	0.900000	0.000000
NOTE	1393	150.759995	0.300000	0.000000
NOTE	1394	150.860001	0.700000	0.000000
NOTE	1395	150.960007	0.300000	0.000000
NOTE	1396	150.960007	0.650000	0.000000
NOTE	1397	151.160004	0.300000	0.000000
NOTE	1398	151.160004	0.600000	0.000000
NOTE	1399	151.361343	0.550000	0.000000
NOTE	1400	151.361343	0.300000	0.000000
NOTE	1401	151.550003	0.900000	0.000000
NOTE	1402	151.649994	0.100000	0.000000
NOTE	1403	151.750000	0.900000	0.000000
NOTE	1404	151.850006	0.100000	0.000000
NOTE	1405	151.949997	0.900000	0.000000
NOTE	1406	152.050003	0.100000	0.000000
NOTE	1407	152.139999	0.900000	0.000000
NOTE	1408	152.234451	0.100000	0.000000
NOTE	1409	152.339996	0.300000	0.000000
NOTE	1410	152.437668	0.700000	0.000000
NOTE	1411	152.537643	0.500000	0.000000
NOTE	1412	152.637619	0.700000	0.000000
NOTE	1413	152.740005	0.300000	0.000000
NOTE	1414	152.837570	0.500000	0.000000
NOTE	1415	152.937546	0.300000	0.000000
NOTE	1416	153.023636	0.700000	0.000000
NOTE	1417	153.130005	0.900000	0.000000
NOTE	1418	153.130005	0.100000	0.000000
NOTE	1419	153.720001	0.500000	0.000000
NOTE	1420	153.820007	0.250000	0.000000
NOTE	1421	153.919998	0.750000	0.000000
NOTE	1422	154.710007	0.100000	0.400000
NOTE	1423	154.710007	0.900000	0.400000
NOTE	1424	155.899994	0.300000	0.286194
NOTE	1425	155.899994	0.700000	0.286194
NOTE	1426	156.289993	0.900000	0.400000
NOTE	1427	156.289993	0.100000	0.400000
NOTE	1428	157.080002	0.800000	0.400000
NOTE	1429	157.080002	0.200000	0.400000
NOTE	1430	157.869995	0.900000	0.369409
NOTE	1431	157.869995	0.100000	0.369409
NOTE	1432	159.050003	0.300000	0.000000
NOTE	1433	159.050003	0.700000	0.000000
NOTE	1434	159.250000	0.750000	0.000000
NOTE	1435	159.250000	0.250000	0.000000
NOTE	1436	159.449997	0.100000	0.000000
NOTE	1437	159.449997	0.900000	0.000000
NOTE	1438	160.630005	0.350000	0.000000
NOTE	1439	160.729996	0.650000	0.000000
NOTE	1440	160.830002	0.350000	0.000000
NOTE	1441	160.929993	0.500000	0.000000
NOTE	1442	161.029999	0.100000	0.681992
NOTE	1443	161.029999	0.900000	0.681992
NOTE	1444	163.789993	0.400000	0.000000
NOTE	1445	163.789993	0.700000	0.000000
NOTE	1446	163.990005	0.350000	0.000000
NOTE	1447	163.990005	0.650000	0.000000
NOTE	1448	164.179993	0.100000	0.689590
NOTE	1449	164.179993	0.900000	0.689590
NOTE	1450	165.759995	0.900000	0.400000
NOTE	1451	165.759995	0.100000	0.400000
NOTE	1452	166.550003	0.250000	0.000000
NOTE	1453	166.649994	0.350000	0.000000
NOTE	1454	166.750000	0.700000	0.000000
NOTE	1455	166.850006	0.800000	0.000000
NOTE	1456	166.949997	0.300000	0.000000
NOTE	1457	167.050003	0.750000	0.000000
NOTE	1458	167.139999	0.300000	0.000000
NOTE	1459	167.240005	0.500000	0.000000
NOTE	1460	167.339996	0.100000	0.000000
NOTE	1461	167.339996	0.900000	0.000000
NOTE	1462	170.100006	0.800000	0.000000
NOTE	1463	170.100006	0.400000	0.000000
NOTE	1464	170.300003	0.150000	0.000000
NOTE	1465	170.300003	0.550000	0.000000
NOTE	1466	170.500000	0.700000	0.000000
NOTE	1467	170.500000	0.300000	0.000000
NOTE	1468	170.889999	0.600000	0.000000
NOTE	1469	170.889999	0.200000	0.000000
NOTE	1470	171.289993	0.850000	0.000000
NOTE	1471	171.289993	0.400000	0.000000
NOTE	1472	171.679993	0.300000	0.000000
NOTE	1473	171.679993	0.750000	0.000000
NOTE	1474	172.080002	0.100000	0.000000
NOTE	1475	172.080002	0.900000	0.000000
NOTE	1476	172.470001	0.600000	0.000000
NOTE	1477	172.470001	0.100000	0.000000
NOTE	1478	172.869995	0.350000	0.000000
NOTE	1479	172.970001	0.900000	0.000000
NOTE	1480	173.070007	0.350000	0.000000
NOTE	1481	173.160004	0.900000	0.000000
NOTE	1482	173.259995	0.350000	0.000000
NOTE	1483	173.360001	0.900000	0.000000
NOTE	1484	173.460007	0.350000	0.000000
NOTE	1485	173.551666	0.900000	0.000000
NOTE	1486	173.660004	0.100000	0.000000
NOTE	1487	173.660004	0.650000	0.682388
NOTE	1488	173.850006	0.100000	0.000000
NOTE	1489	174.050003	0.100000	0.000000
NOTE	1490	174.250000	0.100000	0.000000
NOTE	1491	174.449997	0.350000	0.000000
NOTE	1492	174.639999	0.350000	0.000000
NOTE	1493	174.839996	0.350000	0.000000
NOTE	1494	175.039993	0.350000	0.000000
NOTE	1495	175.240005	0.100000	0.000000
NOTE	1496	175.240005	0.900000	0.681183
NOTE	1497	175.429993	0.100000	0.000000
NOTE	1498	175.630005	0.100000	0.000000
NOTE	1499	175.830002	0.100000	0.000000
NOTE	1500	176.029999	0.350000	0.000000
NOTE	1501	176.220001	0.350000	0.000000
NOTE	1502	176.419998	0.350000	0.000000
NOTE	1503	176.619995	0.350000	0.000000
NOTE	1504	176.820007	0.200000	0.000000
NOTE	1505	176.820007	0.800000	0.000000
NOTE	1506	176.910004	0.150000	0.000000
NOTE	1507	176.910004	0.850000	0.000000
NOTE	1508	177.009995	0.900000	0.000000
NOTE	1509	177.009995	0.100000	0.000000
NOTE	1510	177.110001	0.850000	0.000000
NOTE	1511	177.110001	0.150000	0.000000
NOTE	1512	177.210007	0.800000	0.000000
NOTE	1513	177.210007	0.200000	0.000000
NOTE	1514	177.309998	0.150000	0.000000
NOTE	1515	177.309998	0.850000	0.000000
NOTE	1516	177.410004	0.900000	0.000000
NOTE	1517	177.410004	0.100000	0.000000
NOTE	1518	177.498886	0.850000	0.000000
NOTE	1519	177.498886	0.150000	0.000000
NOTE	1520	177.600006	0.800000	0.000000
NOTE	1521	177.600006	0.200000	0.000000
NOTE	1522	177.699997	0.750000	0.000000
NOTE	1523	177.699997	0.250000	0.000000
NOTE	1524	177.800003	0.300000	0.000000
NOTE	1525	177.800003	0.700000	0.000000
NOTE	1526	177.899994	0.650000	0.000000
NOTE	1527	177.899994	0.350000	0.000000
NOTE	1528	178.000000	0.600000	0.000000
NOTE	1529	178.000000	0.400000	0.000000
NOTE	1530	178.100006	0.350000	0.000000
NOTE	1531	178.100006	0.650000	0.000000
NOTE	1532	178.199997	0.700000	0.000000
NOTE	1533	178.199997	0.300000	0.000000
NOTE	1534	178.288895	0.250000	0.000000
NOTE	1535	178.288895	0.750000	0.000000
NOTE	1536	178.389999	0.200000	0.000000
NOTE	1537	178.389999	0.800000	0.000000
NOTE	1538	178.490005	0.150000	0.000000
NOTE	1539	178.490005	0.850000	0.000000
NOTE	1540	178.589996	0.100000	0.000000
NOTE	1541	178.589996	0.900000	0.000000
NOTE	1542	178.690002	0.100000	0.000000
NOTE	1543	178.690002	0.900000	0.000000
NOTE	1544	178.789993	0.100000	0.000000
NOTE	1545	178.789993	0.900000	0.000000
NOTE	1546	178.889999	0.100000	0.000000
NOTE	1547	178.889999	0.900000	0.000000
NOTE	1548	178.990005	0.100000	0.000000
NOTE	1549	178.990005	0.900000	0.000000
NOTE	1550	179.081665	0.700000	0.000000
NOTE	1551	179.081665	0.300000	0.000000
NOTE	1552	179.179993	0.800000	0.000000
NOTE	1553	179.179993	0.200000	0.000000
NOTE	1554	179.279999	0.750000	0.000000
NOTE	1555	179.279999	0.250000	0.000000
NOTE	1556	179.380005	0.300000	0.000000
NOTE	1557	179.380005	0.700000	0.000000
NOTE	1558	179.479996	0.750000	0.000000
NOTE	1559	179.479996	0.250000	0.000000
NOTE	1560	179.580002	0.700000	0.000000
NOTE	1561	179.580002	0.300000	0.000000
NOTE	1562	179.679993	0.350000	0.000000
NOTE	1563	179.679993	0.650000	0.000000
NOTE	1564	179.779999	0.300000	0.000000
NOTE	1565	179.779999	0.700000	0.000000
NOTE	1566	179.869995	0.800000	0.000000
NOTE	1567	179.869995	0.200000	0.000000
NOTE	1568	179.970001	0.100000	0.000000
NOTE	1569	179.970001	0.900000	0.000000
LINK	617	619	620	622	623	625	626	628	
LINK	1200	1201	
LINK	1185	1186	1189	
LINK	950	951	
LINK	1507	1508	1510	1512	1515	1516	1518	
LINK	914	915	
LINK	870	871	
LINK	494	495	498	499	500	501	503	505	
LINK	953	954	
LINK	1030	1031	
LINK	917	918	
LINK	1196	1198	
LINK	1289	1290	1292	1294	1296	1297	1299	1301	
LINK	1520	1522	1525	1526	1528	1531	1532	1535	
LINK	1223	1225	1226	
LINK	1151	1152	1154	
LINK	976	977	978	979	980	981	
LINK	102	103	
LINK	881	882	883	
LINK	1000	1002	1003	
LINK	945	946	947	
LINK	1098	1099	1101	
LINK	1157	1158	1160	
LINK	1253	1254	1255	1256	1258	1259	1261	1263	
LINK	962	963	964	
LINK	965	966	
LINK	1176	1177	1178	
LINK	1537	1539	1541	1543	
LINK	652	653	654	
LINK	565	566	567	568	569	570	
LINK	1015	1016	1017	
LINK	1050	1051	1052	
LINK	1346	1347	1348	
LINK	1302	1304	1306	1308	1310	1311	1313	1315	
LINK	1026	1027	
LINK	907	908	909	910	
LINK	842	843	
LINK	968	969	970	
LINK	1090	1091	
LINK	807	809	
LINK	1506	1509	1511	1513	1514	1517	1519	
LINK	139	140	
LINK	1240	1242	1244	1245	1247	1248	1250	1251	
LINK	1043	1044	1046	1047	
LINK	877	878	879	
LINK	859	860	
LINK	896	897	
LINK	1220	1221	
LINK	1192	1194	
LINK	853	854	855	856	
LINK	89	90	91	92	93	94	95	96	97	98	99	
LINK	1536	1538	1540	1542	
LINK	606	608	610	611	612	613	615	616	
LINK	1013	1014	
LINK	891	892	893	
LINK	1035	1036	1038	1039	1040	1041	
LINK	1033	1034	
LINK	993	994	996	997	
LINK	899	900	
LINK	129	130	
LINK	927	928	
LINK	1019	1020	
LINK	849	850	
LINK	1077	1078	1079	1081	1082	
LINK	1172	1173	1174	
LINK	1361	1362	1363	
LINK	1521	1523	1524	1527	1529	1530	1533	1534	
LINK	817	818	
LINK	1231	1233	
LINK	867	868	
LINK	482	484	486	487	488	490	492	493	
LINK	874	876	
LINK	520	521	522	524	526	
LINK	1088	1089	
LINK	571	572	573	
LINK	982	984	
LINK	119	120	
LINK	940	941	942	
LINK	985	986	988	989	990	992	
LINK	104	105	
LINK	1209	1210	1211	
LINK	1204	1205	1206	
LINK	972	973	974	
LINK	845	846	
LINK	1006	1007	
LINK	862	863	
LINK	145	146	
LINK	108	110	
LINK	506	507	509	511	512	514	515	
LINK	957	958	
LINK	886	887	888	
LINK	132	133	
LINK	1214	1215	1216	1217	
LINK	1181	1182	1183	
LINK	1373	1374	1375	1376	
LINK	1168	1169	1170	
LINK	1364	1365	1366	1367	1368	
LINK	821	823	
LINK	872	873	
LINK	1022	1023	
LINK	646	648	649	650	
LINK	1187	1188	
LINK	904	905	
LINK	82	83	84	85	86	87	88	
LINK	1369	1370	
LINK	1236	1237	1239	
LINK	151	153	
LINK	1010	1011	
LINK	1163	1164	1165	
LINK	812	813	
LINK	923	924	926	
LINK	1055	1057	
LINK	630	631	632	634	635	636	637	639	
LINK	1276	1278	1279	1280	1282	1283	1285	1287	
LINK	1229	1230	
LINK	929	931	
LINK	1146	1148	
LINK	921	922	
LINK	1264	1266	1267	1268	1269	1271	1273	1275	
LINK	136	137	
LINK	933	934	935	
LINK	115	116	
LINK	936	937	
LINK	1094	1095	
LINK	1144	1145	1147	
LINK	641	642	644	645	
LINK	1140	1141	1142	