BPM	300.000000
SPEED	0.800000
OFFSET	0.325000
NOTE	0	8.543334	0.650000	0.000000
NOTE	1	8.543334	0.350000	0.000000
NOTE	2	8.940000	0.350000	0.000000
NOTE	3	9.067222	0.600000	0.000000
NOTE	4	9.198889	0.300000	0.000000
NOTE	5	9.343889	0.750000	0.000000
NOTE	6	9.480000	0.150000	0.000000
NOTE	7	9.610000	0.800000	0.000000
NOTE	8	9.744445	0.200000	0.000000
NOTE	9	9.877222	0.850000	0.000000
NOTE	10	10.140555	0.650000	0.000000
NOTE	11	10.538889	0.350000	0.000000
NOTE	12	10.669444	0.700000	0.000000
NOTE	13	10.800555	0.400000	0.000000
NOTE	14	10.942223	0.850000	0.000000
NOTE	15	11.081675	0.250000	0.000000
NOTE	16	11.207222	0.800000	0.000000
NOTE	17	11.340004	0.200000	0.000000
NOTE	18	11.477221	0.750000	0.000000
NOTE	19	11.607222	0.150000	0.000000
NOTE	20	11.743334	0.650000	0.000000
NOTE	21	11.874445	0.350000	0.000000
NOTE	22	12.010000	0.700000	0.000000
NOTE	23	12.138888	0.300000	0.000000
NOTE	24	12.276667	0.650000	0.000000
NOTE	25	12.408889	0.350000	0.000000
NOTE	26	12.543334	0.900000	0.000000
NOTE	27	12.682778	0.100000	0.000000
NOTE	28	12.811666	0.850000	0.000000
NOTE	29	12.944445	0.150000	0.000000
NOTE	30	13.080556	0.900000	0.000000
NOTE	31	13.210000	0.100000	0.000000
NOTE	32	13.343333	0.650000	0.000000
NOTE	33	13.474444	0.350000	0.000000
NOTE	34	13.609445	0.700000	0.000000
NOTE	35	13.742778	0.300000	0.000000
NOTE	36	13.877222	0.650000	0.000000
NOTE	37	14.008889	0.350000	0.000000
NOTE	38	14.138888	0.550000	0.000000
NOTE	39	14.276667	0.500000	0.000000
NOTE	40	14.407222	0.450000	0.000000
NOTE	41	14.537222	0.500000	0.000000
NOTE	42	14.672778	0.550000	0.000000
NOTE	43	14.804445	0.500000	0.000000
NOTE	44	14.937778	0.650000	0.000000
NOTE	45	14.937778	0.350000	0.000000
NOTE	46	15.337222	0.350000	0.000000
NOTE	47	15.468888	0.600000	0.000000
NOTE	48	15.596113	0.300000	0.000000
NOTE	49	15.738889	0.750000	0.000000
NOTE	50	15.874445	0.150000	0.000000
NOTE	51	16.006111	0.800000	0.000000
NOTE	52	16.136110	0.200000	0.000000
NOTE	53	16.273335	0.850000	0.000000
NOTE	54	16.541666	0.650000	0.000000
NOTE	55	16.940001	0.350000	0.000000
NOTE	56	17.078335	0.700000	0.000000
NOTE	57	17.207222	0.400000	0.000000
NOTE	58	17.338333	0.850000	0.000000
NOTE	59	17.472776	0.250000	0.000000
NOTE	60	17.606112	0.800000	0.000000
NOTE	61	17.737223	0.200000	0.000000
NOTE	62	17.871666	0.750000	0.000000
NOTE	63	17.998890	0.150000	0.000000
NOTE	64	18.137777	0.550000	0.000000
NOTE	65	18.137777	0.350000	0.000000
NOTE	66	18.204687	0.600000	0.000000
NOTE	67	18.267773	0.650000	0.000000
NOTE	68	18.397778	0.400000	0.000000
NOTE	69	18.536667	0.600000	0.000000
NOTE	70	18.677223	0.350000	0.000000
NOTE	71	18.806667	0.650000	0.000000
NOTE	72	18.936111	0.200000	0.000000
NOTE	73	19.071106	0.850000	0.000000
NOTE	74	19.197777	0.150000	0.000000
NOTE	75	19.334444	0.800000	0.000000
NOTE	76	19.462221	0.200000	0.000000
NOTE	77	19.590544	0.850000	0.000000
NOTE	78	19.736111	0.350000	0.000000
NOTE	79	19.801674	0.400000	0.000000
NOTE	80	19.868334	0.450000	0.000000
NOTE	81	19.997778	0.600000	0.000000
NOTE	82	20.130556	0.350000	0.000000
NOTE	83	20.268890	0.650000	0.000000
NOTE	84	20.405001	0.400000	0.000000
NOTE	85	20.536667	0.850000	0.000000
NOTE	86	20.664444	0.200000	0.000000
NOTE	87	20.798889	0.800000	0.000000
NOTE	88	20.934444	0.150000	0.000000
NOTE	89	21.066111	0.850000	0.000000
NOTE	90	21.203888	0.200000	0.000000
NOTE	91	21.336111	0.650000	0.000000
NOTE	92	21.468208	0.550000	0.000000
NOTE	93	21.601667	0.450000	0.000000
NOTE	94	21.871666	0.550000	0.000000
NOTE	95	22.001112	0.450000	0.000000
NOTE	96	22.138889	0.750000	0.000000
NOTE	97	22.538889	0.850000	0.000000
NOTE	98	22.680000	0.150000	0.000000
NOTE	99	22.803333	0.800000	0.000000
NOTE	100	22.938890	0.350000	0.000000
NOTE	101	23.336668	0.350000	0.000000
NOTE	102	23.738890	0.250000	0.000000
NOTE	103	23.876667	0.800000	0.000000
NOTE	104	24.005001	0.250000	0.000000
NOTE	105	24.137222	0.800000	0.000000
NOTE	106	24.538889	0.550000	0.000000
NOTE	107	24.605745	0.600000	0.000000
NOTE	108	24.673271	0.650000	0.000000
NOTE	109	24.806602	0.400000	0.000000
NOTE	110	24.934999	0.600000	0.000000
NOTE	111	25.071112	0.350000	0.000000
NOTE	112	25.202221	0.650000	0.000000
NOTE	113	25.339445	0.200000	0.000000
NOTE	114	25.480492	0.850000	0.000000
NOTE	115	25.607777	0.150000	0.000000
NOTE	116	25.737223	0.800000	0.000000
NOTE	117	25.872221	0.200000	0.000000
NOTE	118	26.001110	0.850000	0.000000
NOTE	119	26.137777	0.350000	0.000000
NOTE	120	26.203758	0.400000	0.000000
NOTE	121	26.267778	0.450000	0.000000
NOTE	122	26.404444	0.600000	0.000000
NOTE	123	26.535000	0.350000	0.000000
NOTE	124	26.668890	0.650000	0.000000
NOTE	125	26.803888	0.400000	0.000000
NOTE	126	26.937777	0.850000	0.000000
NOTE	127	27.071667	0.200000	0.283333
NOTE	128	27.337223	0.850000	0.000000
NOTE	129	27.468889	0.200000	0.000000
NOTE	130	27.603888	0.850000	0.000000
NOTE	131	27.738890	0.450000	0.000000
NOTE	132	27.868889	0.400000	0.000000
NOTE	133	28.003334	0.350000	0.000000
NOTE	134	28.135000	0.350000	0.000000
NOTE	135	28.268890	0.400000	0.000000
NOTE	136	28.401112	0.450000	0.000000
NOTE	137	28.538889	0.550000	0.000000
NOTE	138	28.668890	0.600000	0.000000
NOTE	139	28.807222	0.650000	0.000000
NOTE	140	28.937223	0.650000	0.000000
NOTE	141	29.068890	0.600000	0.000000
NOTE	142	29.205873	0.550000	0.000000
NOTE	143	29.338890	0.850000	0.000000
NOTE	144	29.475555	0.150000	0.000000
NOTE	145	29.606112	0.850000	0.000000
NOTE	146	29.740002	0.150000	0.000000
NOTE	147	29.871666	0.850000	0.000000
NOTE	148	30.003334	0.150000	0.000000
NOTE	149	30.136110	0.750000	0.000000
NOTE	150	30.673334	0.750000	0.000000
NOTE	151	30.938890	0.550000	0.000000
NOTE	152	30.938890	0.350000	0.000000
NOTE	153	31.006279	0.600000	0.000000
NOTE	154	31.075722	0.650000	0.000000
NOTE	155	31.206110	0.400000	0.000000
NOTE	156	31.336668	0.600000	0.000000
NOTE	157	31.468889	0.350000	0.000000
NOTE	158	31.598890	0.650000	0.000000
NOTE	159	31.736668	0.200000	0.000000
NOTE	160	31.846666	0.850000	0.000000
NOTE	161	31.976665	0.150000	0.000000
NOTE	162	32.116669	0.800000	0.000000
NOTE	163	32.246666	0.200000	0.000000
NOTE	164	32.366669	0.850000	0.000000
NOTE	165	32.537781	0.350000	0.000000
NOTE	166	32.599571	0.400000	0.000000
NOTE	167	32.668331	0.450000	0.000000
NOTE	168	32.807224	0.600000	0.000000
NOTE	169	32.925556	0.350000	0.000000
NOTE	170	33.057781	0.650000	0.000000
NOTE	171	33.209999	0.400000	0.000000
NOTE	172	33.337780	0.850000	0.000000
NOTE	173	33.468330	0.200000	0.000000
NOTE	174	33.597778	0.800000	0.000000
NOTE	175	33.717781	0.150000	0.000000
NOTE	176	33.857780	0.850000	0.000000
NOTE	177	33.992779	0.200000	0.000000
NOTE	178	34.136112	0.550000	0.000000
NOTE	179	34.264317	0.600000	0.000000
NOTE	180	34.396111	0.650000	0.000000
NOTE	181	34.530003	0.650000	0.000000
NOTE	182	34.659443	0.600000	0.000000
NOTE	183	34.796112	0.550000	0.000000
NOTE	184	34.937222	0.450000	0.000000
NOTE	185	35.072079	0.400000	0.000000
NOTE	186	35.207222	0.350000	0.000000
NOTE	187	35.337223	0.350000	0.000000
NOTE	188	35.476112	0.400000	0.000000
NOTE	189	35.609444	0.450000	0.000000
NOTE	190	35.738888	0.250000	0.000000
NOTE	191	35.872223	0.750000	0.000000
NOTE	192	35.998886	0.250000	0.000000
NOTE	193	36.268887	0.750000	0.000000
NOTE	194	36.428886	0.250000	0.000000
NOTE	195	36.540558	0.850000	0.000000
NOTE	196	36.686668	0.150000	0.000000
NOTE	197	36.808334	0.850000	0.000000
NOTE	198	36.945377	0.150000	0.000000
NOTE	199	37.070557	0.850000	0.000000
NOTE	200	37.190556	0.150000	0.000000
NOTE	201	37.336666	0.550000	0.000000
NOTE	202	37.404968	0.600000	0.000000
NOTE	203	37.471638	0.650000	0.000000
NOTE	204	37.606110	0.400000	0.000000
NOTE	205	37.735905	0.600000	0.000000
NOTE	206	37.874447	0.350000	0.000000
NOTE	207	37.998886	0.650000	0.000000
NOTE	208	38.137222	0.200000	0.000000
NOTE	209	38.270000	0.850000	0.000000
NOTE	210	38.410000	0.150000	0.000000
NOTE	211	38.549999	0.800000	0.000000
NOTE	212	38.680000	0.200000	0.000000
NOTE	213	38.810001	0.850000	0.000000
NOTE	214	38.939999	0.350000	0.000000
NOTE	215	39.006611	0.400000	0.000000
NOTE	216	39.073124	0.450000	0.000000
NOTE	217	39.209999	0.600000	0.000000
NOTE	218	39.340000	0.350000	0.000000
NOTE	219	39.480000	0.650000	0.000000
NOTE	220	39.604794	0.400000	0.000000
NOTE	221	39.740002	0.850000	0.000000
NOTE	222	39.869999	0.200000	0.000000
NOTE	223	40.009998	0.800000	0.000000
NOTE	224	40.139999	0.150000	0.000000
NOTE	225	40.270000	0.850000	0.000000
NOTE	226	40.400002	0.200000	0.000000
NOTE	227	40.549999	0.550000	0.000000
NOTE	228	40.687778	0.600000	0.000000
NOTE	229	40.814445	0.650000	0.000000
NOTE	230	40.939999	0.650000	0.000000
NOTE	231	41.076668	0.600000	0.000000
NOTE	232	41.209999	0.550000	0.000000
NOTE	233	41.340000	0.450000	0.000000
NOTE	234	41.491665	0.400000	0.000000
NOTE	235	41.619999	0.350000	0.000000
NOTE	236	41.740002	0.350000	0.000000
NOTE	237	41.880001	0.400000	0.000000
NOTE	238	42.008060	0.450000	0.000000
NOTE	239	42.410000	0.750000	0.000000
NOTE	240	42.549999	0.250000	0.000000
NOTE	241	42.680000	0.750000	0.000000
NOTE	242	42.818047	0.250000	0.000000
NOTE	243	42.943047	0.850000	0.400000
NOTE	244	43.480000	0.150000	0.000000
NOTE	245	44.270000	0.500000	0.000000
NOTE	246	44.540001	0.350000	0.000000
NOTE	247	44.540001	0.650000	0.000000
NOTE	248	45.090000	0.350000	0.000000
NOTE	249	45.340000	0.750000	0.000000
NOTE	250	45.880001	0.250000	0.000000
NOTE	251	46.139999	0.850000	0.000000
NOTE	252	46.139999	0.150000	0.000000
NOTE	253	46.689999	0.850000	0.000000
NOTE	254	47.500000	0.500000	0.000000
NOTE	255	47.740002	0.350000	0.000000
NOTE	256	47.740002	0.650000	0.000000
NOTE	257	48.279999	0.650000	0.000000
NOTE	258	48.540001	0.750000	0.000000
NOTE	259	48.540001	0.250000	0.000000
NOTE	260	48.805737	0.750000	0.000000
NOTE	261	49.077953	0.250000	0.000000
NOTE	262	49.340000	0.850000	0.000000
NOTE	263	49.340000	0.150000	0.000000
NOTE	264	49.538105	0.650000	0.000000
NOTE	265	49.701385	0.350000	0.000000
NOTE	266	49.862221	0.650000	0.000000
NOTE	267	50.139999	0.500000	0.000000
NOTE	268	50.680000	0.500000	0.000000
NOTE	269	50.939999	0.650000	0.000000
NOTE	270	50.939999	0.350000	0.000000
NOTE	271	51.470001	0.650000	0.000000
NOTE	272	51.740002	0.250000	0.000000
NOTE	273	52.279999	0.750000	0.000000
NOTE	274	52.537224	0.150000	0.000000
NOTE	275	52.537224	0.850000	0.000000
NOTE	276	52.803020	0.150000	0.000000
NOTE	277	53.066666	0.150000	0.000000
NOTE	278	53.337223	0.400000	0.000000
NOTE	279	53.610001	0.400000	0.000000
NOTE	280	53.880001	0.400000	0.000000
NOTE	281	54.139999	0.600000	0.000000
NOTE	282	54.410000	0.600000	0.000000
NOTE	283	54.939999	0.300000	0.000000
NOTE	284	55.209999	0.700000	0.000000
NOTE	285	55.480000	0.300000	0.000000
NOTE	286	55.732220	0.600000	0.000000
NOTE	287	56.279999	0.400000	0.000000
NOTE	288	56.540001	0.500000	0.000000
NOTE	289	57.070000	0.500000	0.000000
NOTE	290	57.337223	0.650000	0.000000
NOTE	291	57.337223	0.350000	0.000000
NOTE	292	57.880001	0.350000	0.000000
NOTE	293	58.139999	0.750000	0.000000
NOTE	294	58.680000	0.250000	0.000000
NOTE	295	58.939999	0.150000	0.000000
NOTE	296	58.939999	0.850000	0.000000
NOTE	297	59.480000	0.850000	0.000000
NOTE	298	59.740002	0.200000	0.000000
NOTE	299	59.784504	0.250000	0.000000
NOTE	300	60.009998	0.750000	0.000000
NOTE	301	60.279999	0.750000	0.000000
NOTE	302	60.540001	0.650000	0.000000
NOTE	303	60.540001	0.350000	0.000000
NOTE	304	60.810001	0.500000	0.000000
NOTE	305	61.080002	0.650000	0.000000
NOTE	306	61.080002	0.350000	0.000000
NOTE	307	61.336666	0.750000	0.000000
NOTE	308	61.336666	0.250000	0.000000
NOTE	309	61.576668	0.750000	0.000000
NOTE	310	61.836666	0.750000	0.000000
NOTE	311	62.139999	0.850000	0.000000
NOTE	312	62.139999	0.150000	0.000000
NOTE	313	62.409843	0.150000	0.000000
NOTE	314	62.673729	0.150000	0.000000
NOTE	315	62.940556	0.500000	0.000000
NOTE	316	63.742222	0.650000	0.000000
NOTE	317	63.742222	0.350000	0.000000
NOTE	318	63.992218	0.350000	0.000000
NOTE	319	64.252220	0.650000	0.000000
NOTE	320	64.540001	0.250000	0.000000
NOTE	321	65.076668	0.750000	0.000000
NOTE	322	65.337776	0.150000	0.000000
NOTE	323	65.337776	0.850000	0.000000
NOTE	324	65.607224	0.150000	0.000000
NOTE	325	65.872223	0.150000	0.000000
NOTE	326	66.137779	0.300000	0.000000
NOTE	327	66.137779	0.700000	0.000000
NOTE	328	66.398895	0.700000	0.000000
NOTE	329	66.680000	0.300000	0.000000
NOTE	330	66.937775	0.600000	0.000000
NOTE	331	67.739441	0.400000	0.000000
NOTE	332	68.279518	0.700000	0.000000
NOTE	333	68.539444	0.300000	0.000000
NOTE	334	69.919998	0.400000	0.000000
NOTE	335	74.949997	0.300000	0.725006
NOTE	336	75.360001	0.700000	0.315002
NOTE	337	75.916725	0.500000	0.000000
NOTE	338	76.155678	0.500000	0.000000
NOTE	339	76.399445	0.500000	0.000000
NOTE	340	78.940002	0.650000	0.000000
NOTE	341	78.940002	0.350000	0.000000
NOTE	342	79.339996	0.350000	0.000000
NOTE	343	79.466667	0.600000	0.000000
NOTE	344	79.597099	0.300000	0.000000
NOTE	345	79.739441	0.750000	0.000000
NOTE	346	79.879448	0.150000	0.000000
NOTE	347	80.004448	0.800000	0.000000
NOTE	348	80.139420	0.200000	0.000000
NOTE	349	80.269447	0.850000	0.000000
NOTE	350	80.539993	0.650000	0.000000
NOTE	351	80.937225	0.350000	0.000000
NOTE	352	81.072220	0.700000	0.000000
NOTE	353	81.201790	0.400000	0.000000
NOTE	354	81.340553	0.850000	0.000000
NOTE	355	81.471672	0.250000	0.000000
NOTE	356	81.606117	0.800000	0.000000
NOTE	357	81.734444	0.200000	0.000000
NOTE	358	81.866669	0.750000	0.000000
NOTE	359	82.004448	0.150000	0.000000
NOTE	360	82.137779	0.650000	0.000000
NOTE	361	82.279999	0.350000	0.000000
NOTE	362	82.395561	0.700000	0.000000
NOTE	363	82.527779	0.300000	0.000000
NOTE	364	82.661110	0.650000	0.000000
NOTE	365	82.793327	0.350000	0.000000
NOTE	366	82.940002	0.850000	0.000000
NOTE	367	83.066116	0.150000	0.000000
NOTE	368	83.203331	0.800000	0.000000
NOTE	369	83.336113	0.200000	0.000000
NOTE	370	83.466118	0.850000	0.000000
NOTE	371	83.594208	0.150000	0.000000
NOTE	372	83.738892	0.650000	0.000000
NOTE	373	83.872589	0.350000	0.000000
NOTE	374	83.998894	0.700000	0.000000
NOTE	375	84.139313	0.300000	0.000000
NOTE	376	84.276665	0.650000	0.000000
NOTE	377	84.408890	0.350000	0.000000
NOTE	378	84.540550	0.550000	0.000000
NOTE	379	84.667221	0.500000	0.000000
NOTE	380	84.801666	0.450000	0.000000
NOTE	381	84.937225	0.500000	0.000000
NOTE	382	85.061111	0.550000	0.000000
NOTE	383	85.193329	0.500000	0.000000
NOTE	384	85.339996	0.350000	0.000000
NOTE	385	85.339996	0.650000	0.000000
NOTE	386	85.738220	0.350000	0.000000
NOTE	387	85.872223	0.600000	0.000000
NOTE	388	86.006538	0.300000	0.000000
NOTE	389	86.135002	0.750000	0.000000
NOTE	390	86.254997	0.150000	0.000000
NOTE	391	86.385002	0.800000	0.000000
NOTE	392	86.518852	0.200000	0.000000
NOTE	393	86.644997	0.850000	0.000000
NOTE	394	86.937775	0.650000	0.000000
NOTE	395	87.324921	0.350000	0.000000
NOTE	396	87.452225	0.700000	0.000000
NOTE	397	87.577751	0.400000	0.000000
NOTE	398	87.739998	0.850000	0.000000
NOTE	399	87.863815	0.250000	0.000000
NOTE	400	88.000000	0.800000	0.000000
NOTE	401	88.130539	0.200000	0.000000
NOTE	402	88.269997	0.750000	0.000000
NOTE	403	88.408943	0.150000	0.000000
NOTE	404	88.540001	0.350000	0.000000
NOTE	405	88.540001	0.550000	0.000000
NOTE	406	88.608025	0.600000	0.000000
NOTE	407	88.676353	0.650000	0.000000
NOTE	408	88.806931	0.400000	0.000000
NOTE	409	88.939445	0.600000	0.000000
NOTE	410	89.075554	0.350000	0.000000
NOTE	411	89.206665	0.650000	0.000000
NOTE	412	89.339996	0.200000	0.000000
NOTE	413	89.475876	0.850000	0.000000
NOTE	414	89.610001	0.150000	0.000000
NOTE	415	89.738892	0.800000	0.000000
NOTE	416	89.875557	0.200000	0.000000
NOTE	417	90.006546	0.850000	0.000000
NOTE	418	90.137779	0.350000	0.000000
NOTE	419	90.207565	0.400000	0.000000
NOTE	420	90.268333	0.450000	0.000000
NOTE	421	90.402779	0.600000	0.000000
NOTE	422	90.533890	0.350000	0.000000
NOTE	423	90.669998	0.650000	0.000000
NOTE	424	90.803886	0.400000	0.000000
NOTE	425	90.938889	0.850000	0.000000
NOTE	426	91.070000	0.200000	0.000000
NOTE	427	91.197220	0.800000	0.000000
NOTE	428	91.333336	0.150000	0.000000
NOTE	429	91.464447	0.850000	0.000000
NOTE	430	91.603889	0.200000	0.000000
NOTE	431	91.737778	0.750000	0.000000
NOTE	432	92.001671	0.250000	0.000000
NOTE	433	92.135002	0.750000	0.000000
NOTE	434	92.272774	0.250000	0.000000
NOTE	435	92.406067	0.750000	0.000000
NOTE	436	92.537224	0.450000	0.000000
NOTE	437	92.671669	0.400000	0.000000
NOTE	438	92.801666	0.350000	0.000000
NOTE	439	92.941666	0.350000	0.000000
NOTE	440	93.061668	0.400000	0.000000
NOTE	441	93.188850	0.450000	0.000000
NOTE	442	93.348328	0.550000	0.000000
NOTE	443	93.481667	0.600000	0.000000
NOTE	444	93.616669	0.650000	0.000000
NOTE	445	93.747177	0.650000	0.000000
NOTE	446	93.872780	0.600000	0.000000
NOTE	447	94.013329	0.550000	0.000000
NOTE	448	94.147224	0.850000	0.000000
NOTE	449	94.275551	0.150000	0.000000
NOTE	450	94.410004	0.850000	0.000000
NOTE	451	94.542786	0.150000	0.000000
NOTE	452	94.675552	0.850000	0.000000
NOTE	453	94.813889	0.150000	0.000000
NOTE	454	94.940552	0.550000	0.000000
NOTE	455	95.010109	0.600000	0.000000
NOTE	456	95.075630	0.650000	0.000000
NOTE	457	95.206116	0.400000	0.000000
NOTE	458	95.336670	0.600000	0.000000
NOTE	459	95.468895	0.350000	0.000000
NOTE	460	95.599998	0.650000	0.000000
NOTE	461	95.737221	0.200000	0.000000
NOTE	462	95.874161	0.850000	0.000000
NOTE	463	96.006111	0.150000	0.000000
NOTE	464	96.135559	0.800000	0.000000
NOTE	465	96.267220	0.200000	0.000000
NOTE	466	96.404831	0.850000	0.000000
NOTE	467	96.537224	0.350000	0.000000
NOTE	468	96.605675	0.400000	0.000000
NOTE	469	96.669815	0.450000	0.000000
NOTE	470	96.803886	0.600000	0.000000
NOTE	471	96.934448	0.350000	0.000000
NOTE	472	97.067223	0.650000	0.000000
NOTE	473	97.200554	0.400000	0.000000
NOTE	474	97.339996	0.850000	0.000000
NOTE	475	97.470001	0.200000	0.000000
NOTE	476	97.604446	0.800000	0.000000
NOTE	477	97.739906	0.150000	0.000000
NOTE	478	97.872780	0.850000	0.000000
NOTE	479	98.003891	0.200000	0.000000
NOTE	480	98.139999	0.550000	0.000000
NOTE	481	98.272774	0.600000	0.000000
NOTE	482	98.406113	0.650000	0.000000
NOTE	483	98.541092	0.650000	0.000000
NOTE	484	98.669998	0.600000	0.000000
NOTE	485	98.809998	0.550000	0.000000
NOTE	486	98.937225	0.450000	0.000000
NOTE	487	99.070549	0.400000	0.000000
NOTE	488	99.204445	0.350000	0.000000
NOTE	489	99.333328	0.350000	0.000000
NOTE	490	99.464447	0.400000	0.000000
NOTE	491	99.590553	0.450000	0.000000
NOTE	492	99.736115	0.150000	0.000000
NOTE	493	99.874443	0.850000	0.000000
NOTE	494	100.002983	0.150000	0.000000
NOTE	495	100.136116	0.850000	0.000000
NOTE	496	100.272774	0.150000	0.000000
NOTE	497	100.407272	0.850000	0.000000
NOTE	498	100.540550	0.250000	0.000000
NOTE	499	100.540550	0.750000	0.000000
NOTE	500	101.075554	0.750000	0.000000
NOTE	501	101.337219	0.550000	0.000000
NOTE	502	101.401283	0.600000	0.000000
NOTE	503	101.466103	0.650000	0.000000
NOTE	504	101.602249	0.400000	0.000000
NOTE	505	101.736664	0.600000	0.000000
NOTE	506	101.866196	0.350000	0.000000
NOTE	507	102.002327	0.650000	0.000000
NOTE	508	102.137222	0.200000	0.000000
NOTE	509	102.274399	0.850000	0.000000
NOTE	510	102.412781	0.150000	0.000000
NOTE	511	102.535568	0.800000	0.000000
NOTE	512	102.672775	0.200000	0.000000
NOTE	513	102.807846	0.850000	0.000000
NOTE	514	102.937225	0.350000	0.000000
NOTE	515	103.006332	0.400000	0.000000
NOTE	516	103.070000	0.450000	0.000000
NOTE	517	103.207222	0.600000	0.000000
NOTE	518	103.336113	0.350000	0.000000
NOTE	519	103.469521	0.650000	0.000000
NOTE	520	103.602875	0.400000	0.000000
NOTE	521	103.737221	0.850000	0.000000
NOTE	522	103.876740	0.200000	0.000000
NOTE	523	104.007225	0.800000	0.000000
NOTE	524	104.136116	0.150000	0.000000
NOTE	525	104.269997	0.850000	0.000000
NOTE	526	104.407227	0.200000	0.000000
NOTE	527	104.540001	0.550000	0.000000
NOTE	528	104.675659	0.500000	0.000000
NOTE	529	104.807777	0.450000	0.000000
NOTE	530	104.936668	0.500000	0.000000
NOTE	531	105.070000	0.550000	0.000000
NOTE	532	105.209099	0.500000	0.000000
NOTE	533	105.339996	0.400000	0.000000
NOTE	534	105.470795	0.350000	0.000000
NOTE	535	105.604446	0.300000	0.000000
NOTE	536	105.737221	0.300000	0.000000
NOTE	537	105.867226	0.350000	0.000000
NOTE	538	105.999443	0.400000	0.000000
NOTE	539	106.139999	0.500000	0.000000
NOTE	540	106.277222	0.550000	0.000000
NOTE	541	106.409996	0.600000	0.000000
NOTE	542	106.539444	0.600000	0.000000
NOTE	543	106.674828	0.550000	0.000000
NOTE	544	106.805412	0.500000	0.000000
NOTE	545	106.934998	0.150000	0.000000
NOTE	546	107.069733	0.750000	0.000000
NOTE	547	107.207779	0.200000	0.000000
NOTE	548	107.334442	0.800000	0.000000
NOTE	549	107.468895	0.250000	0.000000
NOTE	550	107.604446	0.850000	0.000000
NOTE	551	107.739998	0.350000	0.000000
NOTE	552	107.739998	0.550000	0.000000
NOTE	553	107.811722	0.600000	0.000000
NOTE	554	107.874443	0.650000	0.000000
NOTE	555	108.007774	0.400000	0.000000
NOTE	556	108.138336	0.600000	0.000000
NOTE	557	108.279999	0.350000	0.000000
NOTE	558	108.412224	0.650000	0.000000
NOTE	559	108.537773	0.200000	0.000000
NOTE	560	108.677223	0.850000	0.000000
NOTE	561	108.811668	0.150000	0.000000
NOTE	562	108.941666	0.800000	0.000000
NOTE	563	109.072777	0.200000	0.000000
NOTE	564	109.205612	0.850000	0.000000
NOTE	565	109.338890	0.350000	0.000000
NOTE	566	109.409515	0.400000	0.000000
NOTE	567	109.475555	0.450000	0.000000
NOTE	568	109.604446	0.600000	0.000000
NOTE	569	109.741669	0.350000	0.000000
NOTE	570	109.877220	0.650000	0.000000
NOTE	571	110.007225	0.400000	0.000000
NOTE	572	110.139999	0.850000	0.000000
NOTE	573	110.278946	0.200000	0.000000
NOTE	574	110.410004	0.800000	0.000000
NOTE	575	110.537338	0.150000	0.000000
NOTE	576	110.673477	0.850000	0.000000
NOTE	577	110.806839	0.200000	0.000000
NOTE	578	110.940002	0.750000	0.000000
NOTE	579	111.011681	0.650000	0.000000
NOTE	580	111.075562	0.550000	0.000000
NOTE	581	111.140686	0.450000	0.000000
NOTE	582	111.206116	0.400000	0.000000
NOTE	583	111.274048	0.350000	0.000000
NOTE	584	111.338333	0.300000	0.000000
NOTE	585	111.407410	0.300000	0.000000
NOTE	586	111.468590	0.300000	0.000000
NOTE	587	111.540771	0.350000	0.000000
NOTE	588	111.601952	0.400000	0.000000
NOTE	589	111.674133	0.450000	0.000000
NOTE	590	111.739998	0.550000	0.000000
NOTE	591	111.807541	0.600000	0.000000
NOTE	592	111.874619	0.650000	0.000000
NOTE	593	111.940903	0.700000	0.000000
NOTE	594	112.002419	0.700000	0.000000
NOTE	595	112.074265	0.700000	0.000000
NOTE	596	112.136108	0.650000	0.000000
NOTE	597	112.207626	0.600000	0.000000
NOTE	598	112.271927	0.550000	0.000000
NOTE	599	112.340988	0.450000	0.000000
NOTE	600	112.399727	0.350000	0.000000
NOTE	601	112.466011	0.250000	0.000000
NOTE	602	112.538651	0.150000	0.000000
NOTE	603	112.680000	0.850000	0.000000
NOTE	604	112.820000	0.150000	0.000000
NOTE	605	112.937775	0.850000	0.000000
NOTE	606	113.069443	0.150000	0.000000
NOTE	607	113.198891	0.850000	0.000000
NOTE	608	113.338890	0.750000	0.736115
NOTE	609	113.338890	0.250000	0.736115
NOTE	610	114.674789	0.350000	0.000000
NOTE	611	114.937225	0.500000	0.000000
NOTE	612	115.210556	0.650000	0.000000
LINK	184	185	186	187	188	189	
LINK	106	107	108	
LINK	442	443	444	445	446	447	
LINK	227	228	229	230	231	232	
LINK	233	234	235	236	237	238	
LINK	486	487	488	489	490	491	
LINK	378	379	380	381	382	383	
LINK	151	153	154	
LINK	533	534	535	536	537	538	
LINK	454	455	456	
LINK	467	468	469	
LINK	501	502	503	
LINK	201	202	203	
LINK	552	553	554	
LINK	527	528	529	530	531	532	
LINK	436	437	438	439	440	441	
LINK	165	166	167	
LINK	418	419	420	
LINK	590	591	592	593	594	595	596	597	598	599	600	601	
LINK	298	299	
LINK	78	79	80	
LINK	64	66	67	
LINK	405	406	407	
LINK	480	481	482	483	484	485	
LINK	214	215	216	
LINK	514	515	516	
LINK	131	132	133	134	135	136	
LINK	565	566	567	
LINK	119	120	121	
LINK	38	39	40	41	42	43	
LINK	137	138	139	140	141	142	
LINK	578	579	580	581	582	583	584	585	586	587	588	589	
LINK	178	179	180	181	182	183	
LINK	539	540	541	542	543	544	