BPM	310.037476
SPEED	0.774100
OFFSET	0.115000
NOTE	0	1.530000	0.900000	0.000000
NOTE	1	1.530000	0.100000	0.000000
NOTE	2	2.890000	0.350000	0.000000
NOTE	3	2.990000	0.800000	0.000000
NOTE	4	3.080000	0.100000	0.000000
NOTE	5	3.470000	0.900000	0.000000
NOTE	6	3.860000	0.350000	0.000000
NOTE	7	4.240000	0.700000	0.000000
NOTE	8	4.630000	0.100000	0.000000
NOTE	9	5.210000	0.900000	0.000000
NOTE	10	7.730000	0.900000	0.000000
NOTE	11	7.730000	0.100000	0.000000
NOTE	12	9.080000	0.700000	0.000000
NOTE	13	9.171667	0.300000	0.000000
NOTE	14	9.280000	0.900000	0.000000
NOTE	15	9.660000	0.100000	0.000000
NOTE	16	10.050000	0.700000	0.000000
NOTE	17	10.440000	0.300000	0.000000
NOTE	18	10.820000	0.900000	0.000000
NOTE	19	11.400000	0.100000	0.000000
NOTE	20	11.600000	0.500000	0.000000
NOTE	21	13.340000	0.100000	0.000000
NOTE	22	13.530000	0.350000	0.000000
NOTE	23	13.730000	0.650000	0.000000
NOTE	24	13.920000	0.900000	0.000000
NOTE	25	14.700000	0.700000	0.000000
NOTE	26	15.080000	0.300000	0.000000
NOTE	27	15.470000	0.100000	0.000000
NOTE	28	16.049999	0.900000	0.000000
NOTE	29	16.147223	0.350000	0.000000
NOTE	30	16.240000	0.700000	0.000000
NOTE	31	16.629999	0.350000	0.000000
NOTE	32	17.020000	0.900000	0.000000
NOTE	33	17.410000	0.100000	0.000000
NOTE	34	17.790001	0.700000	0.000000
NOTE	35	18.180000	0.350000	0.000000
NOTE	36	18.570000	0.900000	0.000000
NOTE	37	19.340000	0.300000	0.000000
NOTE	38	19.629999	0.500000	0.000000
NOTE	39	19.920000	0.700000	0.000000
NOTE	40	20.110001	0.100000	0.000000
NOTE	41	20.110001	0.900000	0.000000
NOTE	42	20.889999	0.700000	0.000000
NOTE	43	21.180000	0.350000	0.000000
NOTE	44	21.469999	0.700000	0.000000
NOTE	45	21.660000	0.900000	0.000000
NOTE	46	21.660000	0.100000	0.000000
NOTE	47	22.440001	0.300000	0.000000
NOTE	48	22.730000	0.700000	0.000000
NOTE	49	23.020000	0.500000	0.000000
NOTE	50	23.209999	0.900000	0.000000
NOTE	51	23.209999	0.100000	0.000000
NOTE	52	23.790840	0.900000	0.000000
NOTE	53	24.370001	0.300000	0.000000
NOTE	54	24.760000	0.800000	0.000000
NOTE	55	25.379999	0.900000	0.000000
NOTE	56	25.450001	0.750000	0.000000
NOTE	57	25.532778	0.647500	0.000000
NOTE	58	25.611111	0.546250	0.000000
NOTE	59	25.715488	0.438750	0.000000
NOTE	60	25.815001	0.343750	0.000000
NOTE	61	25.922777	0.250000	0.000000
NOTE	62	26.044443	0.150000	0.000000
NOTE	63	26.180000	0.050000	0.000000
NOTE	64	26.309999	0.900000	0.000000
NOTE	65	26.374512	0.800000	0.000000
NOTE	66	26.443954	0.700000	0.000000
NOTE	67	26.511110	0.800000	0.000000
NOTE	68	26.577286	0.900000	0.000000
NOTE	69	26.641109	0.800000	0.000000
NOTE	70	26.705557	0.700000	0.000000
NOTE	71	26.790001	0.600000	0.000000
NOTE	72	26.889999	0.500000	0.000000
NOTE	73	26.990000	0.400000	0.000000
NOTE	74	27.080000	0.300000	0.000000
NOTE	75	27.180000	0.200000	0.000000
NOTE	76	27.280001	0.100000	0.000000
NOTE	77	27.370001	0.200000	0.000000
NOTE	78	27.469999	0.300000	0.000000
NOTE	79	27.570000	0.200000	0.000000
NOTE	80	27.660000	0.100000	0.000000
NOTE	81	27.760000	0.900000	0.000000
NOTE	82	27.860001	0.800000	0.000000
NOTE	83	27.959999	0.700000	0.000000
NOTE	84	28.049999	0.600000	0.000000
NOTE	85	28.150000	0.500000	0.000000
NOTE	86	28.250000	0.400000	0.000000
NOTE	87	28.340000	0.300000	0.000000
NOTE	88	28.440001	0.200000	0.000000
NOTE	89	28.540001	0.550000	0.000000
NOTE	90	28.629999	0.650000	0.000000
NOTE	91	28.693808	0.750000	0.000000
NOTE	92	28.760000	0.850000	0.000000
NOTE	93	28.821583	0.750000	0.000000
NOTE	94	28.889999	0.650000	0.000000
NOTE	95	28.954914	0.750000	0.000000
NOTE	96	29.020000	0.850000	0.000000
NOTE	97	29.113245	0.750000	0.000000
NOTE	98	29.209999	0.650000	0.000000
NOTE	99	29.309999	0.550000	0.000000
NOTE	100	29.410000	0.450000	0.000000
NOTE	101	29.500000	0.350000	0.000000
NOTE	102	29.600000	0.250000	0.000000
NOTE	103	29.700001	0.150000	0.000000
NOTE	104	29.790001	0.250000	0.000000
NOTE	105	29.889999	0.350000	0.000000
NOTE	106	29.990000	0.450000	0.000000
NOTE	107	30.080000	0.550000	0.000000
NOTE	108	30.180000	0.650000	0.000000
NOTE	109	30.280001	0.750000	0.000000
NOTE	110	30.370001	0.850000	0.000000
NOTE	111	30.469999	0.950000	0.000000
NOTE	112	30.547392	0.850000	0.000000
NOTE	113	30.629999	0.750000	0.000000
NOTE	114	30.694611	0.850000	0.000000
NOTE	115	30.760000	0.750000	0.000000
NOTE	116	30.825165	0.650000	0.000000
NOTE	117	30.889999	0.500000	0.000000
NOTE	118	30.955719	0.400000	0.000000
NOTE	119	31.020000	0.500000	0.000000
NOTE	120	31.086271	0.400000	0.000000
NOTE	121	31.150000	0.300000	0.000000
NOTE	122	31.214048	0.200000	0.000000
NOTE	123	31.280714	0.100000	0.000000
NOTE	124	31.340000	0.200000	0.000000
NOTE	125	31.440001	0.100000	0.000000
NOTE	126	31.530001	0.200000	0.000000
NOTE	127	31.629999	0.300000	0.000000
NOTE	128	31.730000	0.400000	0.000000
NOTE	129	31.820000	0.500000	0.000000
NOTE	130	31.920000	0.600000	0.000000
NOTE	131	32.020000	0.700000	0.000000
NOTE	132	32.119999	0.800000	0.000000
NOTE	133	32.209999	0.900000	0.000000
NOTE	134	32.310001	0.800000	0.000000
NOTE	135	32.410000	0.700000	0.000000
NOTE	136	32.500000	0.600000	0.000000
NOTE	137	32.600719	0.500000	0.000000
NOTE	138	32.700001	0.400000	0.000000
NOTE	139	32.790001	0.300000	0.000000
NOTE	140	32.889999	0.200000	0.000000
NOTE	141	32.990002	0.100000	0.000000
NOTE	142	33.080002	0.200000	0.000000
NOTE	143	33.180000	0.900000	0.000000
NOTE	144	33.261848	0.800000	0.000000
NOTE	145	33.340000	0.700000	0.000000
NOTE	146	33.403515	0.600000	0.000000
NOTE	147	33.470001	0.500000	0.000000
NOTE	148	33.536842	0.600000	0.000000
NOTE	149	33.599998	0.700000	0.000000
NOTE	150	33.681286	0.800000	0.000000
NOTE	151	33.759998	0.900000	0.000000
NOTE	152	33.860001	0.800000	0.000000
NOTE	153	33.980556	0.100000	0.000000
NOTE	154	34.049999	0.200000	0.000000
NOTE	155	34.118771	0.300000	0.000000
NOTE	156	34.180000	0.400000	0.000000
NOTE	157	34.243767	0.100000	0.000000
NOTE	158	34.310001	0.200000	0.000000
NOTE	159	34.377098	0.300000	0.000000
NOTE	160	34.439999	0.400000	0.000000
NOTE	161	34.502098	0.100000	0.000000
NOTE	162	34.568764	0.200000	0.000000
NOTE	163	34.630001	0.300000	0.000000
NOTE	164	34.693760	0.400000	0.000000
NOTE	165	34.759998	0.550000	0.000000
NOTE	166	34.828773	0.650000	0.000000
NOTE	167	34.889999	0.750000	0.000000
NOTE	168	34.956551	0.850000	0.000000
NOTE	169	35.020000	0.950000	0.000000
NOTE	170	35.078770	0.550000	0.000000
NOTE	171	35.150002	0.650000	0.000000
NOTE	172	35.228767	0.750000	0.000000
NOTE	173	35.310001	0.850000	0.000000
NOTE	174	35.410000	0.950000	0.000000
NOTE	175	35.500000	0.100000	0.000000
NOTE	176	35.605553	0.148750	0.000000
NOTE	177	35.705555	0.215000	0.000000
NOTE	178	35.803890	0.300000	0.000000
NOTE	179	35.901112	0.400000	0.000000
NOTE	180	35.995556	0.500000	0.000000
NOTE	181	36.091114	0.600000	0.000000
NOTE	182	36.180000	0.700000	0.000000
NOTE	183	36.279999	0.961250	0.000000
NOTE	184	36.369999	0.957500	0.000000
NOTE	185	36.439999	0.940000	0.000000
NOTE	186	36.504704	0.913750	0.000000
NOTE	187	36.570000	0.871250	0.000000
NOTE	188	36.638035	0.806250	0.000000
NOTE	189	36.700001	0.756250	0.000000
NOTE	190	36.771366	0.676250	0.000000
NOTE	191	36.834705	0.612500	0.000000
NOTE	192	36.889999	0.526250	0.000000
NOTE	193	36.954147	0.452500	0.000000
NOTE	194	37.020000	0.371250	0.000000
NOTE	195	37.084702	0.071250	0.000000
NOTE	196	37.151367	0.165000	0.000000
NOTE	197	37.209999	0.252500	0.000000
NOTE	198	37.276367	0.167500	0.000000
NOTE	199	37.340000	0.085000	0.000000
NOTE	200	37.406918	0.178750	0.000000
NOTE	201	37.470001	0.275000	0.000000
NOTE	202	37.534695	0.200000	0.000000
NOTE	203	37.599998	0.100000	0.000000
NOTE	204	37.668026	0.200000	0.000000
NOTE	205	37.730000	0.300000	0.000000
NOTE	206	37.793022	0.400000	0.000000
NOTE	207	37.856911	0.500000	0.000000
NOTE	208	37.919998	0.600000	0.000000
NOTE	209	37.986156	0.700000	0.000000
NOTE	210	38.049999	0.800000	0.000000
NOTE	211	38.119488	0.900000	0.000000
NOTE	212	38.180000	0.800000	0.000000
NOTE	213	38.244484	0.700000	0.000000
NOTE	214	38.310001	0.600000	0.000000
NOTE	215	38.410000	0.500000	0.000000
NOTE	216	38.500000	0.400000	0.000000
NOTE	217	38.599998	0.300000	0.000000
NOTE	218	38.700001	0.200000	0.000000
NOTE	219	38.889999	0.100000	0.000000
NOTE	220	38.952808	0.200000	0.000000
NOTE	221	39.020000	0.300000	0.000000
NOTE	222	39.119473	0.385000	0.000000
NOTE	223	39.209999	0.452500	0.000000
NOTE	224	39.281277	0.523750	0.000000
NOTE	225	39.340000	0.631250	0.000000
NOTE	226	39.406273	0.750000	0.000000
NOTE	227	39.470001	0.850000	0.000000
NOTE	228	39.531273	0.950000	0.000000
NOTE	229	39.599998	0.850000	0.000000
NOTE	230	39.667381	0.750000	0.000000
NOTE	231	39.730000	0.850000	0.000000
NOTE	232	39.797935	0.950000	0.000000
NOTE	233	39.860001	0.850000	0.000000
NOTE	234	39.950001	0.750000	0.000000
NOTE	235	40.049999	0.650000	0.000000
NOTE	236	40.150002	0.500000	0.000000
NOTE	237	40.240002	0.400000	0.000000
NOTE	238	40.340000	0.300000	0.000000
NOTE	239	40.439999	0.200000	0.000000
NOTE	240	40.529999	0.100000	0.000000
NOTE	241	40.630001	0.200000	0.000000
NOTE	242	40.730000	0.100000	0.000000
NOTE	243	40.820000	0.200000	0.000000
NOTE	244	40.919998	0.300000	0.000000
NOTE	245	41.020000	0.400000	0.000000
NOTE	246	41.079990	0.500000	0.000000
NOTE	247	41.146656	0.600000	0.000000
NOTE	248	41.209999	0.500000	0.000000
NOTE	249	41.310001	0.400000	0.000000
NOTE	250	41.410000	0.500000	0.000000
NOTE	251	41.500000	0.600000	0.000000
NOTE	252	41.599998	0.700000	0.000000
NOTE	253	41.700001	0.800000	0.000000
NOTE	254	41.790001	0.900000	0.000000
NOTE	255	41.889999	0.800000	0.000000
NOTE	256	41.949989	0.900000	0.000000
NOTE	257	41.999989	0.800000	0.000000
NOTE	258	42.049999	0.700000	0.000000
NOTE	259	42.116653	0.800000	0.000000
NOTE	260	42.180000	0.900000	0.000000
NOTE	261	42.279999	0.800000	0.000000
NOTE	262	42.369999	0.700000	0.000000
NOTE	263	42.470001	0.200000	0.000000
NOTE	264	42.570000	0.100000	0.000000
NOTE	265	42.660000	0.200000	0.000000
NOTE	266	42.759998	0.300000	0.000000
NOTE	267	42.822548	0.200000	0.000000
NOTE	268	42.889999	0.100000	0.000000
NOTE	269	42.955879	0.200000	0.000000
NOTE	270	43.005878	0.300000	0.000000
NOTE	271	43.049999	0.200000	0.000000
NOTE	272	43.150002	0.100000	0.000000
NOTE	273	43.240002	0.400000	0.000000
NOTE	274	43.340000	0.500000	0.000000
NOTE	275	43.405880	0.600000	0.000000
NOTE	276	43.470001	0.700000	0.000000
NOTE	277	43.539211	0.800000	0.000000
NOTE	278	43.599998	0.900000	0.000000
NOTE	279	43.666988	0.800000	0.000000
NOTE	280	43.730000	0.700000	0.000000
NOTE	281	43.800320	0.600000	0.000000
NOTE	282	43.860001	0.500000	0.000000
NOTE	283	43.922539	0.400000	0.000000
NOTE	284	43.990002	0.300000	0.000000
NOTE	285	44.059212	0.200000	0.000000
NOTE	286	44.119999	0.100000	0.000000
NOTE	287	44.209999	0.200000	0.000000
NOTE	288	44.310001	0.300000	0.000000
NOTE	289	44.410000	0.200000	0.000000
NOTE	290	44.500000	0.300000	0.000000
NOTE	291	44.599998	0.400000	0.000000
NOTE	292	44.700001	0.500000	0.000000
NOTE	293	44.790001	0.600000	0.000000
NOTE	294	44.889999	0.700000	0.000000
NOTE	295	44.990002	0.800000	0.000000
NOTE	296	45.080002	0.700000	0.000000
NOTE	297	45.180000	0.800000	0.000000
NOTE	298	45.279999	0.900000	0.000000
NOTE	299	45.348431	0.800000	0.000000
NOTE	300	45.415096	0.700000	0.000000
NOTE	301	45.470001	0.600000	0.000000
NOTE	302	45.531761	0.500000	0.000000
NOTE	303	45.599998	0.400000	0.000000
NOTE	304	45.665092	0.300000	0.000000
NOTE	305	45.759998	0.200000	0.000000
NOTE	306	45.860001	0.300000	0.000000
NOTE	307	45.950001	0.200000	0.000000
NOTE	308	46.049999	0.100000	0.000000
NOTE	309	46.150002	0.200000	0.000000
NOTE	310	46.240002	0.300000	0.000000
NOTE	311	46.340000	0.400000	0.000000
NOTE	312	46.439999	0.500000	0.000000
NOTE	313	46.535969	0.600000	0.000000
NOTE	314	46.630001	0.700000	0.000000
NOTE	315	46.700001	0.800000	0.000000
NOTE	316	46.769299	0.900000	0.000000
NOTE	317	46.833187	0.550000	0.000000
NOTE	318	46.889999	0.650000	0.000000
NOTE	319	46.952633	0.750000	0.000000
NOTE	320	47.020000	0.850000	0.000000
NOTE	321	47.083183	0.950000	0.000000
NOTE	322	47.144295	0.050000	0.000000
NOTE	323	47.209999	0.150000	0.000000
NOTE	324	47.276871	0.250000	0.000000
NOTE	325	47.340000	0.350000	0.000000
NOTE	326	47.410202	0.450000	0.000000
NOTE	327	47.470001	0.100000	0.000000
NOTE	328	47.532421	0.200000	0.000000
NOTE	329	47.599998	0.300000	0.000000
NOTE	330	47.665752	0.400000	0.000000
NOTE	331	47.730000	0.100000	0.000000
NOTE	332	47.793530	0.200000	0.000000
NOTE	333	47.860195	0.300000	0.000000
NOTE	334	47.919998	0.900000	0.000000
NOTE	335	47.982414	0.800000	0.000000
NOTE	336	48.049999	0.700000	0.000000
NOTE	337	48.115746	0.900000	0.000000
NOTE	338	48.180000	0.800000	0.000000
NOTE	339	48.243523	0.700000	0.000000
NOTE	340	48.310001	0.600000	0.000000
NOTE	341	48.376854	0.900000	0.000000
NOTE	342	48.435184	0.800000	0.000000
NOTE	343	48.500000	0.700000	0.000000
NOTE	344	48.560184	0.600000	0.000000
NOTE	345	48.630001	0.500000	0.000000
NOTE	346	48.693516	0.400000	0.000000
NOTE	347	48.759998	0.300000	0.000000
NOTE	348	48.826847	0.200000	0.000000
NOTE	349	48.889999	0.100000	0.000000
NOTE	350	48.960178	0.200000	0.000000
NOTE	351	49.020000	0.400000	0.000000
NOTE	352	49.085178	0.300000	0.000000
NOTE	353	49.151840	0.200000	0.000000
NOTE	354	49.209999	0.300000	0.000000
NOTE	355	49.276840	0.100000	0.000000
NOTE	356	49.340000	0.200000	0.000000
NOTE	357	49.404617	0.300000	0.000000
NOTE	358	49.470001	0.400000	0.000000
NOTE	359	49.530190	0.500000	0.000000
NOTE	360	49.580189	0.600000	0.000000
NOTE	361	49.630001	0.700000	0.000000
NOTE	362	49.730000	0.761250	0.000000
NOTE	363	49.819073	0.830000	0.000000
NOTE	364	49.919998	0.900000	0.000000
NOTE	365	49.980183	0.812500	0.000000
NOTE	366	50.049999	0.700000	0.000000
NOTE	367	50.113514	0.806250	0.000000
NOTE	368	50.180000	0.917500	0.000000
NOTE	369	50.246845	0.050000	0.000000
NOTE	370	50.310001	0.100000	0.000000
NOTE	371	50.380177	0.150000	0.000000
NOTE	372	50.438507	0.200000	0.000000
NOTE	373	50.500000	0.250000	0.000000
NOTE	374	50.500000	0.600000	0.000000
NOTE	375	50.563507	0.200000	0.000000
NOTE	376	50.563507	0.550000	0.000000
NOTE	377	50.630001	0.500000	0.000000
NOTE	378	50.630001	0.150000	0.000000
NOTE	379	50.696838	0.100000	0.000000
NOTE	380	50.696838	0.450000	0.000000
NOTE	381	50.759998	0.500000	0.000000
NOTE	382	50.759998	0.150000	0.000000
NOTE	383	50.821838	0.550000	0.000000
NOTE	384	50.821838	0.200000	0.000000
NOTE	385	50.889999	0.250000	0.000000
NOTE	386	50.889999	0.600000	0.000000
NOTE	387	50.946835	0.650000	0.000000
NOTE	388	50.946835	0.300000	0.000000
NOTE	389	51.091278	0.900000	0.000000
NOTE	390	51.279999	0.900000	0.000000
NOTE	391	51.380001	0.700000	0.000000
NOTE	392	51.470001	0.900000	0.000000
NOTE	393	51.570000	0.700000	0.000000
NOTE	394	51.660000	0.900000	0.000000
NOTE	395	51.759998	0.100000	0.000000
NOTE	396	51.860001	0.350000	0.000000
NOTE	397	51.959999	0.100000	0.000000
NOTE	398	52.049999	0.350000	0.000000
NOTE	399	52.150002	0.100000	0.000000
NOTE	400	52.240002	0.350000	0.000000
NOTE	401	52.340000	0.100000	0.000000
NOTE	402	52.439999	0.350000	0.000000
NOTE	403	52.529999	0.650000	0.000000
NOTE	404	52.630001	0.900000	0.000000
NOTE	405	52.730000	0.600000	0.000000
NOTE	406	52.820000	0.900000	0.000000
NOTE	407	52.919998	0.650000	0.000000
NOTE	408	53.020000	0.900000	0.000000
NOTE	409	53.119999	0.600000	0.000000
NOTE	410	53.209999	0.900000	0.000000
NOTE	411	53.310001	0.100000	0.000000
NOTE	412	53.400002	0.350000	0.000000
NOTE	413	53.500000	0.100000	0.000000
NOTE	414	53.599998	0.350000	0.000000
NOTE	415	53.700001	0.100000	0.000000
NOTE	416	53.790001	0.350000	0.000000
NOTE	417	53.855537	0.250000	0.000000
NOTE	418	53.919998	0.350000	0.000000
NOTE	419	53.988869	0.450000	0.000000
NOTE	420	54.049999	0.550000	0.000000
NOTE	421	54.111088	0.650000	0.000000
NOTE	422	54.180000	0.750000	0.000000
NOTE	423	54.369999	0.900000	0.000000
NOTE	424	54.439999	0.650000	0.000000
NOTE	425	54.505016	0.900000	0.000000
NOTE	426	54.570000	0.550000	0.000000
NOTE	427	54.660000	0.900000	0.000000
NOTE	428	54.759998	0.650000	0.000000
NOTE	429	54.860001	0.400000	0.000000
NOTE	430	54.950001	0.100000	0.000000
NOTE	431	55.049999	0.400000	0.000000
NOTE	432	55.150002	0.100000	0.000000
NOTE	433	55.240002	0.300000	0.000000
NOTE	434	55.340000	0.100000	0.000000
NOTE	435	55.439999	0.400000	0.000000
NOTE	436	55.529999	0.100000	0.000000
NOTE	437	55.630001	0.650000	0.000000
NOTE	438	55.730000	0.900000	0.000000
NOTE	439	55.919998	0.900000	0.000000
NOTE	440	55.985481	0.800000	0.000000
NOTE	441	56.049999	0.700000	0.000000
NOTE	442	56.116035	0.900000	0.000000
NOTE	443	56.180000	0.800000	0.000000
NOTE	444	56.249367	0.700000	0.000000
NOTE	445	56.310001	0.600000	0.000000
NOTE	446	56.374363	0.500000	0.000000
NOTE	447	56.439999	0.400000	0.000000
NOTE	448	56.502140	0.300000	0.000000
NOTE	449	56.566029	0.200000	0.000000
NOTE	450	56.630001	0.100000	0.000000
NOTE	451	56.699360	0.300000	0.000000
NOTE	452	56.759998	0.200000	0.000000
NOTE	453	56.832691	0.100000	0.000000
NOTE	454	56.889999	0.300000	0.000000
NOTE	455	56.954910	0.200000	0.000000
NOTE	456	57.016022	0.100000	0.000000
NOTE	457	57.080002	0.200000	0.000000
NOTE	458	57.149353	0.300000	0.000000
NOTE	459	57.216019	0.400000	0.000000
NOTE	460	57.279999	0.500000	0.000000
NOTE	461	57.470001	0.700000	0.000000
NOTE	462	57.570000	0.900000	0.000000
NOTE	463	57.660000	0.650000	0.000000
NOTE	464	57.759998	0.900000	0.000000
NOTE	465	57.860001	0.700000	0.000000
NOTE	466	57.950001	0.350000	0.000000
NOTE	467	58.049999	0.100000	0.000000
NOTE	468	58.150002	0.400000	0.000000
NOTE	469	58.240002	0.100000	0.000000
NOTE	470	58.340000	0.350000	0.000000
NOTE	471	58.439999	0.100000	0.000000
NOTE	472	58.529999	0.400000	0.000000
NOTE	473	58.630001	0.100000	0.000000
NOTE	474	58.730000	0.900000	0.000000
NOTE	475	58.820000	0.650000	0.000000
NOTE	476	58.919601	0.900000	0.000000
NOTE	477	59.008488	0.600000	0.000000
NOTE	478	59.105003	0.900000	0.000000
NOTE	479	59.209999	0.650000	0.000000
NOTE	480	59.310001	0.900000	0.000000
NOTE	481	59.400002	0.600000	0.000000
NOTE	482	59.500000	0.350000	0.000000
NOTE	483	59.599998	0.100000	0.000000
NOTE	484	59.700001	0.350000	0.000000
NOTE	485	59.790001	0.100000	0.000000
NOTE	486	59.889999	0.350000	0.000000
NOTE	487	59.990002	0.100000	0.000000
NOTE	488	60.180000	0.100000	0.000000
NOTE	489	60.180000	0.400000	0.000000
NOTE	490	60.369999	0.900000	0.000000
NOTE	491	60.556110	0.600000	0.000000
NOTE	492	60.664398	0.900000	0.000000
NOTE	493	60.776665	0.650000	0.000000
NOTE	494	60.889999	0.900000	0.000000
NOTE	495	60.994949	0.600000	0.000000
NOTE	496	61.150002	0.100000	0.000000
NOTE	497	61.240002	0.450000	0.000000
NOTE	498	61.340000	0.100000	0.000000
NOTE	499	61.529999	0.400000	0.000000
NOTE	500	61.529999	0.100000	0.000000
NOTE	501	61.730000	0.400000	0.000000
NOTE	502	61.730000	0.100000	0.000000
NOTE	503	61.919998	0.900000	0.000000
NOTE	504	62.110001	0.900000	0.000000
NOTE	505	62.180000	0.800000	0.000000
NOTE	506	62.246960	0.700000	0.000000
NOTE	507	62.310001	0.600000	0.000000
NOTE	508	62.410000	0.900000	0.000000
NOTE	509	62.500000	0.650000	0.000000
NOTE	510	62.599998	0.400000	0.000000
NOTE	511	62.700001	0.100000	0.000000
NOTE	512	62.790001	0.400000	0.000000
NOTE	513	62.889999	0.100000	0.000000
NOTE	514	62.990002	0.350000	0.000000
NOTE	515	63.080002	0.100000	0.000000
NOTE	516	63.180000	0.400000	0.000000
NOTE	517	63.279999	0.100000	0.000000
NOTE	518	63.369999	0.600000	0.000000
NOTE	519	63.470001	0.900000	0.000000
NOTE	520	63.669998	0.900000	0.000000
NOTE	521	63.759998	0.800000	0.000000
NOTE	522	63.860001	0.700000	0.000000
NOTE	523	63.959999	0.600000	0.000000
NOTE	524	64.050003	0.500000	0.000000
NOTE	525	64.150002	0.350000	0.000000
NOTE	526	64.239998	0.250000	0.000000
NOTE	527	64.339996	0.150000	0.000000
NOTE	528	64.440002	0.050000	0.000000
NOTE	529	64.540001	0.150000	0.000000
NOTE	530	64.629997	0.250000	0.000000
NOTE	531	64.730003	0.350000	0.000000
NOTE	532	64.830002	0.450000	0.000000
NOTE	533	64.919998	0.550000	0.000000
NOTE	534	65.019997	0.650000	0.000000
NOTE	535	65.120003	0.750000	0.000000
NOTE	536	65.209999	0.850000	0.000000
NOTE	537	65.309998	0.950000	0.000000
NOTE	538	65.410004	0.850000	0.000000
NOTE	539	65.500000	0.750000	0.000000
NOTE	540	65.599998	0.650000	0.000000
NOTE	541	65.699997	0.550000	0.000000
NOTE	542	65.790001	0.450000	0.000000
NOTE	543	65.889999	0.350000	0.000000
NOTE	544	65.989998	0.450000	0.000000
NOTE	545	66.080002	0.550000	0.000000
NOTE	546	66.180000	0.450000	0.000000
NOTE	547	66.279999	0.350000	0.000000
NOTE	548	66.370003	0.450000	0.000000
NOTE	549	66.470001	0.550000	0.000000
NOTE	550	66.570000	0.650000	0.000000
NOTE	551	66.760002	0.750000	0.000000
NOTE	552	66.860001	0.850000	0.000000
NOTE	553	66.949997	0.950000	0.000000
NOTE	554	67.050003	0.850000	0.000000
NOTE	555	67.150002	0.750000	0.000000
NOTE	556	67.239998	0.650000	0.000000
NOTE	557	67.339996	0.550000	0.000000
NOTE	558	67.440002	0.450000	0.000000
NOTE	559	67.540001	0.350000	0.000000
NOTE	560	67.629997	0.250000	0.000000
NOTE	561	67.730003	0.150000	0.000000
NOTE	562	67.820000	0.050000	0.000000
NOTE	563	67.919998	0.150000	0.000000
NOTE	564	68.110001	0.350000	0.000000
NOTE	565	68.309998	0.500000	0.000000
NOTE	566	68.400002	0.600000	0.000000
NOTE	567	68.500000	0.700000	0.000000
NOTE	568	68.599998	0.800000	0.000000
NOTE	569	68.699997	0.900000	0.000000
NOTE	570	68.790001	0.350000	0.000000
NOTE	571	68.889999	0.250000	0.000000
NOTE	572	68.989998	0.150000	0.000000
NOTE	573	69.080002	0.050000	0.000000
NOTE	574	69.279999	0.050000	0.000000
NOTE	575	69.370003	0.150000	0.000000
NOTE	576	69.470001	0.250000	0.000000
NOTE	577	69.570000	0.350000	0.000000
NOTE	578	69.660004	0.450000	0.000000
NOTE	579	69.860001	0.900000	0.000000
NOTE	580	70.050003	0.900000	0.000000
NOTE	581	70.150002	0.800000	0.000000
NOTE	582	70.239998	0.700000	0.000000
NOTE	583	70.339996	0.550000	0.000000
NOTE	584	70.440002	0.450000	0.000000
NOTE	585	70.529999	0.350000	0.000000
NOTE	586	70.629997	0.250000	0.000000
NOTE	587	70.730003	0.150000	0.000000
NOTE	588	70.820000	0.050000	0.000000
NOTE	589	70.919998	0.150000	0.000000
NOTE	590	71.019997	0.250000	0.000000
NOTE	591	71.110001	0.400000	0.000000
NOTE	592	71.209999	0.500000	0.000000
NOTE	593	71.309998	0.600000	0.000000
NOTE	594	71.400002	0.500000	0.000000
NOTE	595	71.500000	0.400000	0.000000
NOTE	596	71.599998	0.500000	0.000000
NOTE	597	71.699997	0.600000	0.000000
NOTE	598	71.790001	0.700000	0.000000
NOTE	599	71.889999	0.800000	0.000000
NOTE	600	71.989998	0.900000	0.000000
NOTE	601	72.180000	0.900000	0.000000
NOTE	602	72.370003	0.800000	0.000000
NOTE	603	72.570000	0.700000	0.000000
NOTE	604	72.760002	0.500000	0.000000
NOTE	605	72.860001	0.400000	0.000000
NOTE	606	72.949997	0.300000	0.000000
NOTE	607	73.050003	0.200000	0.000000
NOTE	608	73.150002	0.100000	0.000000
NOTE	609	73.239998	0.200000	0.000000
NOTE	610	73.339996	0.300000	0.000000
NOTE	611	73.440002	0.400000	0.000000
NOTE	612	73.529999	0.500000	0.000000
NOTE	613	73.629997	0.600000	0.000000
NOTE	614	73.730003	0.700000	0.000000
NOTE	615	73.820000	0.600000	0.000000
NOTE	616	73.919998	0.700000	0.000000
NOTE	617	74.019997	0.800000	0.000000
NOTE	618	74.120003	0.900000	0.000000
NOTE	619	74.209999	0.050000	0.000000
NOTE	620	74.309998	0.150000	0.000000
NOTE	621	74.410004	0.250000	0.000000
NOTE	622	74.500000	0.350000	0.000000
NOTE	623	74.599998	0.250000	0.000000
NOTE	624	74.699997	0.150000	0.000000
NOTE	625	74.790001	0.050000	0.000000
NOTE	626	74.889999	0.150000	0.000000
NOTE	627	74.989998	0.250000	0.000000
NOTE	628	75.080002	0.350000	0.000000
NOTE	629	75.180000	0.450000	0.000000
NOTE	630	75.279999	0.550000	0.000000
NOTE	631	75.370003	0.650000	0.000000
NOTE	632	75.470001	0.750000	0.000000
NOTE	633	75.570000	0.850000	0.000000
NOTE	634	75.660004	0.750000	0.000000
NOTE	635	75.760002	0.650000	0.000000
NOTE	636	75.860001	0.550000	0.000000
NOTE	637	76.050003	0.100000	0.000000
NOTE	638	76.112137	0.200000	0.000000
NOTE	639	76.180000	0.300000	0.000000
NOTE	640	76.245499	0.400000	0.000000
NOTE	641	76.309998	0.500000	0.000000
NOTE	642	76.378860	0.600000	0.000000
NOTE	643	76.440002	0.700000	0.000000
NOTE	644	76.502670	0.800000	0.000000
NOTE	645	76.569351	0.900000	0.000000
NOTE	646	76.629997	0.950000	0.000000
NOTE	647	76.694382	0.900000	0.000000
NOTE	648	76.760002	0.850000	0.000000
NOTE	649	76.824959	0.800000	0.000000
NOTE	650	76.889999	0.850000	0.000000
NOTE	651	76.958321	0.900000	0.000000
NOTE	652	77.019997	0.950000	0.000000
NOTE	653	77.086128	0.900000	0.000000
NOTE	654	77.152809	0.850000	0.000000
NOTE	655	77.209999	0.800000	0.000000
NOTE	656	77.275055	0.750000	0.000000
NOTE	657	77.339996	0.700000	0.000000
NOTE	658	77.402863	0.650000	0.000000
NOTE	659	77.470001	0.600000	0.000000
NOTE	660	77.530663	0.550000	0.000000
NOTE	661	77.599998	0.500000	0.000000
NOTE	662	77.699997	0.427500	0.000000
NOTE	663	77.790001	0.350000	0.000000
NOTE	664	77.889999	0.267500	0.000000
NOTE	665	77.989998	0.188750	0.000000
NOTE	666	78.080002	0.650000	0.000000
NOTE	667	78.180000	0.750000	0.000000
NOTE	668	78.279999	0.850000	0.000000
NOTE	669	78.370003	0.950000	0.000000
NOTE	670	78.470001	0.850000	0.000000
NOTE	671	78.570000	0.750000	0.000000
NOTE	672	78.660004	0.650000	0.000000
NOTE	673	78.760002	0.550000	0.000000
NOTE	674	78.860001	0.450000	0.000000
NOTE	675	78.949997	0.350000	0.000000
NOTE	676	79.150002	0.092500	0.000000
NOTE	677	79.218773	0.197500	0.000000
NOTE	678	79.277115	0.307500	0.000000
NOTE	679	79.339996	0.421250	0.000000
NOTE	680	79.410477	0.302500	0.000000
NOTE	681	79.483887	0.197500	0.000000
NOTE	682	79.552170	0.101250	0.000000
NOTE	683	79.629997	0.950000	0.000000
NOTE	684	79.730003	0.850000	0.000000
NOTE	685	79.820000	0.750000	0.000000
NOTE	686	79.919998	0.650000	0.000000
NOTE	687	80.019997	0.750000	0.000000
NOTE	688	80.110001	0.850000	0.000000
NOTE	689	80.209999	0.950000	0.000000
NOTE	690	80.309998	0.850000	0.000000
NOTE	691	80.403557	0.750000	0.000000
NOTE	692	80.500000	0.650000	0.000000
NOTE	693	80.690002	0.200000	0.000000
NOTE	694	80.760002	0.300000	0.000000
NOTE	695	80.831123	0.200000	0.000000
NOTE	696	80.889999	0.100000	0.000000
NOTE	697	80.956589	0.200000	0.000000
NOTE	698	81.019997	0.300000	0.000000
NOTE	699	81.095512	0.400000	0.000000
NOTE	700	81.180000	0.500000	0.000000
NOTE	701	81.279999	0.600000	0.000000
NOTE	702	81.370003	0.700000	0.000000
NOTE	703	81.470001	0.800000	0.000000
NOTE	704	81.660004	0.700000	0.000000
NOTE	705	81.660004	0.900000	0.000000
NOTE	706	81.860001	0.600000	0.000000
NOTE	707	81.860001	0.900000	0.000000
NOTE	708	82.050003	0.400000	0.000000
NOTE	709	82.050003	0.100000	0.000000
NOTE	710	82.250000	0.100000	0.000000
NOTE	711	82.339996	0.200000	0.000000
NOTE	712	82.440002	0.300000	0.000000
NOTE	713	82.540001	0.200000	0.000000
NOTE	714	82.629997	0.300000	0.000000
NOTE	715	82.730003	0.400000	0.000000
NOTE	716	82.830002	0.500000	0.000000
NOTE	717	82.919998	0.600000	0.000000
NOTE	718	83.019997	0.700000	0.000000
NOTE	719	83.120003	0.800000	0.000000
NOTE	720	83.209999	0.900000	0.000000
NOTE	721	83.309998	0.800000	0.000000
NOTE	722	83.410004	0.700000	0.000000
NOTE	723	83.500000	0.600000	0.000000
NOTE	724	83.599998	0.500000	0.000000
NOTE	725	83.692886	0.400000	0.000000
NOTE	726	83.790001	0.300000	0.000000
NOTE	727	83.889442	0.200000	0.000000
NOTE	728	83.989998	0.100000	0.000000
NOTE	729	84.080002	0.200000	0.000000
NOTE	730	84.180000	0.300000	0.000000
NOTE	731	84.279999	0.400000	0.000000
NOTE	732	84.370003	0.500000	0.000000
NOTE	733	84.470001	0.600000	0.000000
NOTE	734	84.570000	0.700000	0.000000
NOTE	735	84.660004	0.800000	0.000000
NOTE	736	84.760002	0.900000	0.000000
NOTE	737	84.949997	0.900000	0.000000
NOTE	738	85.150002	0.100000	0.000000
NOTE	739	85.339996	0.100000	0.000000
NOTE	740	85.440002	0.200000	0.000000
NOTE	741	85.529999	0.300000	0.000000
NOTE	742	85.629997	0.400000	0.000000
NOTE	743	85.730003	0.500000	0.000000
NOTE	744	85.919998	0.900000	0.000000
NOTE	745	86.019997	0.800000	0.000000
NOTE	746	86.110001	0.700000	0.000000
NOTE	747	86.309998	0.800000	0.000000
NOTE	748	86.500000	0.900000	0.000000
NOTE	749	86.699997	0.100000	0.658302
NOTE	750	87.470001	0.900000	0.200000
NOTE	751	87.660004	0.400000	0.200000
NOTE	752	87.860001	0.900000	0.200000
NOTE	753	88.050003	0.400000	0.000000
NOTE	754	88.250000	0.100000	0.656502
NOTE	755	89.019997	0.750000	0.660606
NOTE	756	89.790001	0.100000	0.300000
NOTE	757	90.180000	0.250000	0.274704
NOTE	758	90.570000	0.700000	0.300000
NOTE	759	90.949997	0.900000	0.278809
NOTE	760	91.339996	0.100000	0.462903
NOTE	761	91.919998	0.900000	0.000000
NOTE	762	92.500000	0.350000	0.277000
NOTE	763	92.889999	0.750000	0.600000
NOTE	764	93.660004	0.100000	0.665199
NOTE	765	94.440002	0.700000	0.400000
NOTE	766	94.830002	0.300000	0.000000
NOTE	767	95.599998	0.900000	0.000000
NOTE	768	95.989998	0.100000	0.657501
NOTE	769	96.760002	0.900000	0.000000
NOTE	770	97.050003	0.350000	0.000000
NOTE	771	97.339996	0.900000	0.000000
NOTE	772	97.540001	0.100000	0.000000
NOTE	773	98.120003	0.750000	0.000000
NOTE	774	98.209999	0.300000	0.000000
NOTE	775	98.309998	0.550000	0.000000
NOTE	776	98.500000	0.300000	0.000000
NOTE	777	98.699997	0.550000	0.000000
NOTE	778	98.889999	0.300000	0.000000
NOTE	779	99.080002	0.900000	0.663902
NOTE	780	100.629997	0.100000	0.000000
NOTE	781	100.629997	0.750000	0.000000
NOTE	782	101.790001	0.350000	0.000000
NOTE	783	101.889999	0.900000	0.000000
NOTE	784	101.989998	0.350000	0.000000
NOTE	785	102.080002	0.650000	0.000000
NOTE	786	102.180000	0.100000	0.000000
NOTE	787	102.279999	0.650000	0.000000
NOTE	788	102.370003	0.100000	0.000000
NOTE	789	102.470001	0.650000	0.000000
NOTE	790	102.570000	0.100000	0.000000
NOTE	791	102.660004	0.650000	0.000000
NOTE	792	102.760002	0.100000	0.000000
NOTE	793	102.860001	0.900000	0.000000
NOTE	794	102.949997	0.350000	0.000000
NOTE	795	103.050003	0.900000	0.000000
NOTE	796	103.150002	0.400000	0.000000
NOTE	797	103.239998	0.900000	0.000000
NOTE	798	103.339996	0.450000	0.000000
NOTE	799	103.440002	0.900000	0.000000
NOTE	800	103.529999	0.500000	0.000000
NOTE	801	103.629997	0.750000	0.000000
NOTE	802	103.720184	0.200000	0.000000
NOTE	803	103.790001	0.150000	0.000000
NOTE	804	103.859100	0.100000	0.000000
NOTE	805	103.919998	0.050000	0.000000
NOTE	806	103.986908	0.100000	0.000000
NOTE	807	104.050003	0.150000	0.000000
NOTE	808	104.120270	0.200000	0.000000
NOTE	809	104.209999	0.750000	0.000000
NOTE	810	104.309998	0.100000	0.000000
NOTE	811	104.400002	0.600000	0.000000
NOTE	812	104.500000	0.400000	0.000000
NOTE	813	104.889999	0.950000	0.000000
NOTE	814	104.956795	0.900000	0.000000
NOTE	815	105.019997	0.850000	0.000000
NOTE	816	105.081818	0.800000	0.000000
NOTE	817	105.145653	0.750000	0.000000
NOTE	818	105.209999	0.700000	0.000000
NOTE	819	105.276237	0.650000	0.000000
NOTE	820	105.339996	0.600000	0.000000
NOTE	821	105.401268	0.550000	0.000000
NOTE	822	105.470001	0.500000	0.000000
NOTE	823	105.534630	0.450000	0.000000
NOTE	824	105.599998	0.400000	0.000000
NOTE	825	105.667992	0.350000	0.000000
NOTE	826	105.730003	0.300000	0.000000
NOTE	827	105.801353	0.250000	0.000000
NOTE	828	105.862480	0.200000	0.000000
NOTE	829	105.919998	0.150000	0.000000
NOTE	830	105.984726	0.100000	0.000000
NOTE	831	106.050003	0.050000	0.000000
NOTE	832	106.119896	0.100000	0.000000
NOTE	833	106.180000	0.150000	0.000000
NOTE	834	106.253258	0.100000	0.000000
NOTE	835	106.315552	0.150000	0.000000
NOTE	836	106.386620	0.200000	0.000000
NOTE	837	106.445160	0.250000	0.000000
NOTE	838	106.500000	0.300000	0.000000
NOTE	839	106.561852	0.350000	0.000000
NOTE	840	106.629997	0.400000	0.000000
NOTE	841	106.695213	0.450000	0.000000
NOTE	842	106.760002	0.500000	0.000000
NOTE	843	106.820709	0.550000	0.000000
NOTE	844	107.209999	0.900000	0.000000
NOTE	845	107.278732	0.800000	0.000000
NOTE	846	107.339996	0.700000	0.000000
NOTE	847	107.410004	0.600000	0.000000
NOTE	848	107.500000	0.350000	0.000000
NOTE	849	107.599998	0.100000	0.000000
NOTE	850	107.699997	0.350000	0.000000
NOTE	851	107.790001	0.100000	0.000000
NOTE	852	107.889999	0.350000	0.000000
NOTE	853	107.989998	0.100000	0.000000
NOTE	854	108.080002	0.350000	0.000000
NOTE	855	108.180000	0.100000	0.000000
NOTE	856	108.279999	0.700000	0.000000
NOTE	857	108.370003	0.900000	0.000000
NOTE	858	108.434341	0.800000	0.000000
NOTE	859	108.500000	0.700000	0.000000
NOTE	860	108.570000	0.600000	0.000000
NOTE	861	108.660004	0.500000	0.000000
NOTE	862	108.760002	0.900000	0.000000
NOTE	863	108.824310	0.800000	0.000000
NOTE	864	108.889999	0.700000	0.000000
NOTE	865	108.957680	0.600000	0.000000
NOTE	866	109.050003	0.500000	0.000000
NOTE	867	109.150002	0.400000	0.000000
NOTE	868	109.248047	0.100000	0.000000
NOTE	869	109.339996	0.350000	0.000000
NOTE	870	109.440002	0.100000	0.000000
NOTE	871	109.529999	0.350000	0.000000
NOTE	872	109.629997	0.100000	0.000000
NOTE	873	109.730003	0.350000	0.000000
NOTE	874	109.820000	0.600000	0.000000
NOTE	875	109.919998	0.900000	0.000000
NOTE	876	110.019997	0.600000	0.000000
NOTE	877	110.110001	0.900000	0.000000
NOTE	878	110.209999	0.600000	0.000000
NOTE	879	110.309998	0.900000	0.000000
NOTE	880	110.410004	0.600000	0.000000
NOTE	881	110.500000	0.900000	0.000000
NOTE	882	110.599998	0.100000	0.000000
NOTE	883	110.699997	0.350000	0.000000
NOTE	884	111.080002	0.100000	0.000000
NOTE	885	111.180000	0.200000	0.000000
NOTE	886	111.279999	0.300000	0.000000
NOTE	887	111.370003	0.400000	0.000000
NOTE	888	111.470001	0.500000	0.000000
NOTE	889	111.570000	0.600000	0.000000
NOTE	890	111.660004	0.700000	0.000000
NOTE	891	111.760002	0.800000	0.000000
NOTE	892	111.860001	0.900000	0.000000
NOTE	893	111.949997	0.800000	0.000000
NOTE	894	112.050003	0.700000	0.000000
NOTE	895	112.150002	0.600000	0.000000
NOTE	896	112.239998	0.500000	0.000000
NOTE	897	112.339996	0.400000	0.000000
NOTE	898	112.440002	0.300000	0.000000
NOTE	899	112.529999	0.200000	0.000000
NOTE	900	112.629997	0.100000	0.000000
NOTE	901	112.730003	0.200000	0.000000
NOTE	902	112.820000	0.300000	0.000000
NOTE	903	112.919998	0.400000	0.000000
NOTE	904	113.019997	0.500000	0.000000
NOTE	905	113.400002	0.900000	0.000000
NOTE	906	113.470001	0.650000	0.000000
NOTE	907	113.540710	0.900000	0.000000
NOTE	908	113.599998	0.650000	0.000000
NOTE	909	113.699997	0.450000	0.000000
NOTE	910	113.790001	0.350000	0.000000
NOTE	911	113.889999	0.250000	0.000000
NOTE	912	113.989998	0.150000	0.000000
NOTE	913	114.080002	0.050000	0.000000
NOTE	914	114.180000	0.150000	0.000000
NOTE	915	114.279999	0.250000	0.000000
NOTE	916	114.370003	0.350000	0.000000
NOTE	917	114.470001	0.450000	0.000000
NOTE	918	114.570000	0.550000	0.000000
NOTE	919	114.760002	0.900000	0.000000
NOTE	920	114.830788	0.850000	0.000000
NOTE	921	114.892776	0.800000	0.000000
NOTE	922	114.958595	0.750000	0.000000
NOTE	923	115.019997	0.700000	0.000000
NOTE	924	115.091957	0.650000	0.000000
NOTE	925	115.153084	0.600000	0.000000
NOTE	926	115.209999	0.550000	0.000000
NOTE	927	115.270798	0.150000	0.000000
NOTE	928	115.356667	0.250000	0.000000
NOTE	929	115.440002	0.350000	0.000000
NOTE	930	115.529999	0.250000	0.000000
NOTE	931	115.629997	0.150000	0.000000
NOTE	932	115.730003	0.050000	0.000000
NOTE	933	115.820000	0.150000	0.000000
NOTE	934	115.919998	0.250000	0.000000
NOTE	935	116.019997	0.350000	0.000000
NOTE	936	116.110001	0.450000	0.000000
NOTE	937	116.309998	0.900000	0.000000
NOTE	938	116.376762	0.800000	0.000000
NOTE	939	116.432327	0.700000	0.000000
NOTE	940	116.500000	0.600000	0.000000
NOTE	941	116.565697	0.500000	0.000000
NOTE	942	116.629997	0.400000	0.000000
NOTE	943	116.699997	0.300000	0.000000
NOTE	944	116.889999	0.100000	0.000000
NOTE	945	117.080002	0.300000	0.000000
NOTE	946	117.143547	0.400000	0.000000
NOTE	947	117.209999	0.500000	0.000000
NOTE	948	117.268570	0.600000	0.000000
NOTE	949	117.339996	0.700000	0.000000
NOTE	950	117.404716	0.800000	0.000000
NOTE	951	117.470001	0.900000	0.000000
NOTE	952	117.660004	0.100000	0.000000
NOTE	953	117.859062	0.200000	0.000000
NOTE	954	117.919998	0.150000	0.000000
NOTE	955	117.984070	0.100000	0.000000
NOTE	956	118.050003	0.050000	0.000000
NOTE	957	118.109093	0.100000	0.000000
NOTE	958	118.180000	0.150000	0.000000
NOTE	959	118.250793	0.200000	0.000000
NOTE	960	118.309998	0.250000	0.000000
NOTE	961	118.373039	0.300000	0.000000
NOTE	962	118.434166	0.350000	0.000000
NOTE	963	118.500000	0.400000	0.000000
NOTE	964	118.567505	0.450000	0.000000
NOTE	965	118.629997	0.500000	0.000000
NOTE	966	118.700867	0.550000	0.000000
NOTE	967	118.760002	0.600000	0.000000
NOTE	968	118.825897	0.650000	0.000000
NOTE	969	118.889999	0.700000	0.000000
NOTE	970	118.953697	0.750000	0.000000
NOTE	971	119.017601	0.800000	0.000000
NOTE	972	119.080002	0.850000	0.000000
NOTE	973	119.150955	0.900000	0.000000
NOTE	974	119.209999	0.950000	0.000000
NOTE	975	119.470001	0.950000	0.000000
NOTE	976	119.533073	0.900000	0.000000
NOTE	977	119.599998	0.850000	0.000000
NOTE	978	119.666420	0.800000	0.000000
NOTE	979	119.730003	0.750000	0.000000
NOTE	980	119.794220	0.700000	0.000000
NOTE	981	119.860001	0.650000	0.000000
NOTE	982	119.922028	0.600000	0.000000
NOTE	983	119.988716	0.500000	0.000000
NOTE	984	120.050003	0.400000	0.000000
NOTE	985	120.116516	0.300000	0.000000
NOTE	986	120.180000	0.200000	0.000000
NOTE	987	120.249878	0.100000	0.000000
NOTE	988	120.309998	0.150000	0.000000
NOTE	989	120.377678	0.200000	0.000000
NOTE	990	120.433243	0.250000	0.000000
NOTE	991	120.500000	0.300000	0.000000
NOTE	992	120.561050	0.350000	0.000000
NOTE	993	120.629997	0.400000	0.000000
NOTE	994	120.691620	0.450000	0.000000
NOTE	995	120.760002	0.500000	0.000000
NOTE	996	120.949997	0.550000	0.000000
NOTE	997	121.019997	0.650000	0.000000
NOTE	998	121.084236	0.750000	0.000000
NOTE	999	121.150917	0.850000	0.000000
NOTE	1000	121.209999	0.950000	0.000000
NOTE	1001	121.273163	0.900000	0.000000
NOTE	1002	121.339996	0.850000	0.000000
NOTE	1003	121.406525	0.800000	0.000000
NOTE	1004	121.470001	0.700000	0.000000
NOTE	1005	121.537109	0.600000	0.000000
NOTE	1006	121.599998	0.500000	0.000000
NOTE	1007	121.667694	0.400000	0.000000
NOTE	1008	121.730003	0.300000	0.000000
NOTE	1009	121.795502	0.200000	0.000000
NOTE	1010	121.856628	0.100000	0.000000
NOTE	1011	121.919998	0.200000	0.000000
NOTE	1012	121.987206	0.300000	0.000000
NOTE	1013	122.050003	0.400000	0.000000
NOTE	1014	122.117790	0.500000	0.000000
NOTE	1015	122.180000	0.600000	0.000000
NOTE	1016	122.245598	0.700000	0.000000
NOTE	1017	122.309998	0.800000	0.000000
NOTE	1018	122.889999	0.900000	0.000000
NOTE	1019	122.889999	0.100000	0.000000
NOTE	1020	123.470001	0.350000	0.000000
NOTE	1021	123.470001	0.650000	0.000000
NOTE	1022	123.860001	0.900000	0.000000
NOTE	1023	123.860001	0.100000	0.000000
NOTE	1024	124.050003	0.950000	0.000000
NOTE	1025	124.050003	0.050000	0.000000
NOTE	1026	124.114700	0.900000	0.000000
NOTE	1027	124.114700	0.100000	0.000000
NOTE	1028	124.180000	0.150000	0.000000
NOTE	1029	124.180000	0.850000	0.000000
NOTE	1030	124.242508	0.900000	0.000000
NOTE	1031	124.242508	0.100000	0.000000
NOTE	1032	124.309998	0.950000	0.000000
NOTE	1033	124.309998	0.050000	0.000000
NOTE	1034	124.378654	0.900000	0.000000
NOTE	1035	124.378654	0.100000	0.000000
NOTE	1036	124.440002	0.850000	0.000000
NOTE	1037	124.440002	0.150000	0.000000
NOTE	1038	124.500900	0.200000	0.000000
NOTE	1039	124.500900	0.800000	0.000000
NOTE	1040	124.564796	0.750000	0.000000
NOTE	1041	124.564796	0.250000	0.000000
NOTE	1042	124.629997	0.700000	0.000000
NOTE	1043	124.629997	0.300000	0.000000
NOTE	1044	124.695381	0.650000	0.000000
NOTE	1045	124.695381	0.350000	0.000000
NOTE	1046	124.760002	0.400000	0.000000
NOTE	1047	124.760002	0.600000	0.000000
NOTE	1048	124.823189	0.350000	0.000000
NOTE	1049	124.823189	0.650000	0.000000
NOTE	1050	124.889999	0.300000	0.000000
NOTE	1051	124.889999	0.700000	0.000000
NOTE	1052	124.956551	0.650000	0.000000
NOTE	1053	124.956551	0.350000	0.000000
NOTE	1054	125.019997	0.400000	0.000000
NOTE	1055	125.019997	0.600000	0.000000
NOTE	1056	125.087135	0.650000	0.000000
NOTE	1057	125.087135	0.350000	0.000000
NOTE	1058	125.148254	0.300000	0.000000
NOTE	1059	125.148254	0.700000	0.000000
NOTE	1060	125.209999	0.250000	0.000000
NOTE	1061	125.209999	0.750000	0.000000
NOTE	1062	125.270508	0.200000	0.000000
NOTE	1063	125.270508	0.800000	0.000000
NOTE	1064	125.339996	0.150000	0.000000
NOTE	1065	125.339996	0.850000	0.000000
NOTE	1066	125.410004	0.900000	0.000000
NOTE	1067	125.410004	0.100000	0.000000
LINK	556	557	558	559	560	561	562	563	
LINK	565	566	567	568	569	
LINK	1024	1026	1029	1030	1032	1034	1036	1039	
LINK	1065	1066	
LINK	683	684	685	
LINK	919	920	921	922	923	924	925	926	
LINK	674	675	
LINK	143	144	145	146	147	148	149	150	151	152	
LINK	666	667	668	669	670	671	672	673	
LINK	895	896	897	898	899	900	901	902	
LINK	439	440	441	
LINK	236	237	238	239	240	241	242	243	
LINK	935	936	
LINK	813	814	815	816	817	
LINK	657	658	659	660	661	662	663	664	665	
LINK	273	274	275	276	277	278	279	280	281	282	283	284	
LINK	1025	1027	1028	1031	1033	1035	1037	1038	
LINK	244	245	246	247	248	249	250	251	252	
LINK	994	995	
LINK	351	352	353	354	
LINK	717	718	719	720	721	722	
LINK	1064	1067	
LINK	331	332	333	
LINK	909	910	911	912	913	914	915	916	
LINK	945	946	947	948	949	950	951	
LINK	117	118	119	120	121	122	123	124	125	126	
LINK	541	542	543	544	545	546	547	548	
LINK	862	863	864	865	
LINK	830	831	832	833	834	835	836	837	838	839	840	841	
LINK	599	600	
LINK	165	166	167	168	169	
LINK	153	154	155	156	
LINK	842	843	
LINK	577	578	
LINK	525	526	527	528	529	530	531	532	
LINK	81	82	83	84	85	86	87	88	
LINK	73	74	75	76	77	78	79	80	
LINK	293	294	295	296	297	298	299	300	301	302	
LINK	604	605	606	607	608	609	610	
LINK	961	962	963	964	965	966	967	968	969	970	971	972	
LINK	416	417	418	419	420	
LINK	739	740	741	742	743	
LINK	311	312	313	314	315	316	
LINK	549	550	
LINK	219	220	221	222	223	224	225	
LINK	157	158	159	160	
LINK	574	575	576	
LINK	975	976	977	978	979	980	981	
LINK	635	636	
LINK	56	57	58	59	60	61	62	63	
LINK	217	218	
LINK	580	581	582	
LINK	637	638	639	640	641	642	643	644	
LINK	457	458	
LINK	337	338	339	340	
LINK	676	677	678	679	680	681	682	
LINK	442	443	444	
LINK	802	803	804	805	806	807	808	
LINK	645	646	647	648	649	650	651	652	653	654	655	656	
LINK	504	505	506	507	
LINK	1040	1042	1044	1047	1049	1051	1052	1055	1056	1059	1061	1063	
LINK	183	184	185	186	187	188	189	190	191	192	193	194	
LINK	731	732	733	734	735	736	
LINK	844	845	846	847	
LINK	355	356	357	
LINK	317	318	319	320	321	
LINK	866	867	
LINK	857	858	859	860	861	
LINK	1004	1005	1006	1007	1008	1009	1010	1011	1012	1013	1014	1015	
LINK	619	620	621	622	623	624	625	626	
LINK	611	612	613	614	
LINK	520	521	522	523	524	
LINK	686	687	688	689	690	
LINK	127	128	129	130	131	132	133	134	
LINK	263	264	265	266	267	268	269	270	271	272	
LINK	591	592	593	594	595	596	597	598	
LINK	884	885	886	
LINK	715	716	
LINK	421	422	
LINK	713	714	
LINK	161	162	163	164	
LINK	1016	1017	
LINK	253	254	255	256	257	258	259	260	261	262	
LINK	334	335	336	
LINK	903	904	
LINK	710	711	712	
LINK	693	694	695	696	697	698	699	
LINK	917	918	
LINK	107	108	109	110	111	112	113	114	115	116	
LINK	1041	1043	1045	1046	1048	1050	1053	1054	1057	1058	1060	1062	
LINK	322	323	324	325	326	
LINK	583	584	585	586	587	588	589	590	
LINK	723	724	725	726	727	728	729	730	
LINK	451	452	453	
LINK	996	997	998	999	1000	1001	1002	1003	
LINK	207	208	209	210	211	212	213	214	215	216	
LINK	135	136	137	138	139	140	141	142	
LINK	369	370	371	372	373	375	378	379	382	384	385	388	
LINK	358	359	360	361	362	363	364	365	366	367	368	
LINK	615	616	617	618	
LINK	627	628	629	630	631	632	633	634	
LINK	691	692	
LINK	973	974	
LINK	285	286	287	288	289	290	291	292	
LINK	346	347	348	349	350	
LINK	226	227	228	229	230	231	232	233	234	235	
LINK	570	571	572	573	
LINK	551	552	553	554	555	
LINK	99	100	101	102	103	104	105	106	
LINK	700	701	702	703	
LINK	937	938	939	940	941	942	943	
LINK	175	176	177	178	179	180	181	182	
LINK	818	819	820	821	822	823	824	825	826	827	828	829	
LINK	744	745	746	
LINK	195	196	197	198	199	200	201	202	203	204	205	206	
LINK	454	455	456	
LINK	927	928	929	930	931	932	933	934	
LINK	170	171	172	173	174	
LINK	341	342	343	344	345	
LINK	306	307	308	309	310	
LINK	64	65	66	67	68	69	70	71	72	
LINK	445	446	
LINK	982	983	984	985	986	987	988	989	990	991	992	993	
LINK	533	534	535	536	537	538	539	540	
LINK	953	954	955	956	957	958	959	960	
LINK	89	90	91	92	93	94	95	96	97	98	
LINK	303	304	305	
LINK	447	448	449	450	
LINK	327	328	329	330	
LINK	887	888	889	890	891	892	893	894	
LINK	374	376	377	380	381	383	386	387	
LINK	459	460	